1
2
-15
16
0
1
5
8
0
1
-3
16
0
2
-15
16
0
1
15
8
0
1
-15
16
0
2
0
16
0
1
30
8
0
1
-60
16
0
2
0
16
0
1
30
8
0
1
-180
16
5
16
-7
16
-3
8
5
8
1
16
-3
16
0
16
-7
16
-6
8
15
8
4
16
-15
16
0
16
0
16
-6
8
30
8
12
16
-60
16
0
16
0
16
0
8
30
8
24
16
-180
16
1
16
-1
16
-1
8
1
8
1
16
-1
16
0
16
-1
16
-2
8
3
8
4
16
-5
16
0
16
0
16
-2
8
6
8
12
16
-20
16
0
16
0
16
0
8
6
8
24
16
-60
16
1
2
15
16
0
1
-5
8
0
1
3
16
0
2
15
16
0
1
-15
8
0
1
15
16
0
2
0
16
0
1
-30
8
0
1
60
16
0
2
0
16
0
1
-30
8
0
1
180
16
-5
16
-7
16
3
8
5
8
-1
16
-3
16
0
16
-7
16
6
8
15
8
-4
16
-15
16
0
16
0
16
6
8
30
8
-12
16
-60
16
0
16
0
16
0
8
30
8
-24
16
-180
16
1
16
1
16
-1
8
-1
8
1
16
1
16
0
16
1
16
-2
8
-3
8
4
16
5
16
0
16
0
16
-2
8
-6
8
12
16
20
16
0
16
0
16
0
8
-6
8
24
16
60
16
