1
2
-693
512
0
1
1155
512
0
1
-693
256
0
1
495
256
0
1
-385
512
0
1
63
512
0
2
-693
512
0
1
3465
512
0
1
-3465
256
0
1
3465
256
0
1
-3465
512
0
1
693
512
0
2
0
512
0
1
6930
512
0
1
-13860
256
0
1
20790
256
0
1
-27720
512
0
1
6930
512
0
2
0
512
0
1
6930
512
0
1
-41580
256
0
1
103950
256
0
1
-194040
512
0
1
62370
512
0
2
0
512
0
1
0
512
0
1
-83160
256
0
1
415800
256
0
1
-1164240
512
0
1
498960
512
0
2
0
512
0
1
0
512
0
1
-83160
256
0
1
1247400
256
0
1
-5821200
512
0
1
3492720
512
0
2
0
512
0
1
0
512
0
1
0
256
0
1
2494800
256
0
1
-23284800
512
0
1
20956320
512
193
512
-437
512
-315
512
1155
512
105
256
-693
256
-63
256
495
256
45
512
-385
512
-7
512
63
512
0
512
-437
512
-630
512
3465
512
420
256
-3465
256
-378
256
3465
256
360
512
-3465
512
-70
512
693
512
0
512
0
512
-630
512
6930
512
1260
256
-13860
256
-1890
256
20790
256
2520
512
-27720
512
-630
512
6930
512
0
512
0
512
0
512
6930
512
2520
256
-41580
256
-7560
256
103950
256
15120
512
-194040
512
-5040
512
62370
512
0
512
0
512
0
512
0
512
2520
256
-83160
256
-22680
256
415800
256
75600
512
-1164240
512
-35280
512
498960
512
0
512
0
512
0
512
0
512
0
256
-83160
256
-45360
256
1247400
256
302400
512
-5821200
512
-211680
512
3492720
512
0
512
0
512
0
512
0
512
0
256
0
256
-45360
256
2494800
256
907200
512
-23284800
512
-1058400
512
20956320
512
65
512
-61
256
-187
512
105
128
105
256
-147
128
-63
256
27
32
45
512
-85
256
-7
512
7
128
0
512
-61
256
-374
512
315
128
420
256
-735
128
-378
256
189
32
360
512
-765
256
-70
512
77
128
0
512
0
256
-374
512
630
128
1260
256
-2940
128
-1890
256
1134
32
2520
512
-6120
256
-630
512
770
128
0
512
0
256
0
512
630
128
2520
256
-8820
128
-7560
256
5670
32
15120
512
-42840
256
-5040
512
6930
128
0
512
0
256
0
512
0
128
2520
256
-17640
128
-22680
256
22680
32
75600
512
-257040
256
-35280
512
55440
128
0
512
0
256
0
512
0
128
0
256
-17640
128
-45360
256
68040
32
302400
512
-1285200
256
-211680
512
388080
128
0
512
0
256
0
512
0
128
0
256
0
128
-45360
256
136080
32
907200
512
-5140800
256
-1058400
512
2328480
128
37
1536
-19
512
-47
512
233
1536
35
256
-63
256
-77
768
51
256
19
512
-125
1536
-3
512
7
512
0
1536
-19
512
-94
512
699
1536
140
256
-315
256
-462
768
357
256
152
512
-1125
1536
-30
512
77
512
0
1536
0
512
-94
512
1398
1536
420
256
-1260
256
-2310
768
2142
256
1064
512
-9000
1536
-270
512
770
512
0
1536
0
512
0
512
1398
1536
840
256
-3780
256
-9240
768
10710
256
6384
512
-63000
1536
-2160
512
6930
512
0
1536
0
512
0
512
0
1536
840
256
-7560
256
-27720
768
42840
256
31920
512
-378000
1536
-15120
512
55440
512
0
1536
0
512
0
512
0
1536
0
256
-7560
256
-55440
768
128520
256
127680
512
-1890000
1536
-90720
512
388080
512
0
1536
0
512
0
512
0
1536
0
256
0
256
-55440
768
257040
256
383040
512
-7560000
1536
-453600
512
2328480
512
1
384
-5
1536
-3
256
23
1536
1
48
-7
256
-7
384
19
768
1
128
-17
1536
-1
768
1
512
0
384
-5
1536
-6
256
69
1536
4
48
-35
256
-42
384
133
768
8
128
-153
1536
-10
768
11
512
0
384
0
1536
-6
256
138
1536
12
48
-140
256
-210
384
798
768
56
128
-1224
1536
-90
768
110
512
0
384
0
1536
0
256
138
1536
24
48
-420
256
-840
384
3990
768
336
128
-8568
1536
-720
768
990
512
0
384
0
1536
0
256
0
1536
24
48
-840
256
-2520
384
15960
768
1680
128
-51408
1536
-5040
768
7920
512
0
384
0
1536
0
256
0
1536
0
48
-840
256
-5040
384
47880
768
6720
128
-257040
1536
-30240
768
55440
512
0
384
0
1536
0
256
0
1536
0
48
0
256
-5040
384
95760
768
20160
128
-1028160
1536
-151200
768
332640
512
1
7680
-1
7680
-1
1536
1
1536
1
768
-1
768
-1
768
1
768
1
1536
-1
1536
-1
7680
1
7680
0
7680
-1
7680
-2
1536
3
1536
4
768
-5
768
-6
768
7
768
8
1536
-9
1536
-10
7680
11
7680
0
7680
0
7680
-2
1536
6
1536
12
768
-20
768
-30
768
42
768
56
1536
-72
1536
-90
7680
110
7680
0
7680
0
7680
0
1536
6
1536
24
768
-60
768
-120
768
210
768
336
1536
-504
1536
-720
7680
990
7680
0
7680
0
7680
0
1536
0
1536
24
768
-120
768
-360
768
840
768
1680
1536
-3024
1536
-5040
7680
7920
7680
0
7680
0
7680
0
1536
0
1536
0
768
-120
768
-720
768
2520
768
6720
1536
-15120
1536
-30240
7680
55440
7680
0
7680
0
7680
0
1536
0
1536
0
768
0
768
-720
768
5040
768
20160
1536
-60480
1536
-151200
7680
332640
7680
1
2
693
512
0
1
-1155
512
0
1
693
256
0
1
-495
256
0
1
385
512
0
1
-63
512
0
2
693
512
0
1
-3465
512
0
1
3465
256
0
1
-3465
256
0
1
3465
512
0
1
-693
512
0
2
0
512
0
1
-6930
512
0
1
13860
256
0
1
-20790
256
0
1
27720
512
0
1
-6930
512
0
2
0
512
0
1
-6930
512
0
1
41580
256
0
1
-103950
256
0
1
194040
512
0
1
-62370
512
0
2
0
512
0
1
0
512
0
1
83160
256
0
1
-415800
256
0
1
1164240
512
0
1
-498960
512
0
2
0
512
0
1
0
512
0
1
83160
256
0
1
-1247400
256
0
1
5821200
512
0
1
-3492720
512
0
2
0
512
0
1
0
512
0
1
0
256
0
1
-2494800
256
0
1
23284800
512
0
1
-20956320
512
-193
512
-437
512
315
512
1155
512
-105
256
-693
256
63
256
495
256
-45
512
-385
512
7
512
63
512
0
512
-437
512
630
512
3465
512
-420
256
-3465
256
378
256
3465
256
-360
512
-3465
512
70
512
693
512
0
512
0
512
630
512
6930
512
-1260
256
-13860
256
1890
256
20790
256
-2520
512
-27720
512
630
512
6930
512
0
512
0
512
0
512
6930
512
-2520
256
-41580
256
7560
256
103950
256
-15120
512
-194040
512
5040
512
62370
512
0
512
0
512
0
512
0
512
-2520
256
-83160
256
22680
256
415800
256
-75600
512
-1164240
512
35280
512
498960
512
0
512
0
512
0
512
0
512
0
256
-83160
256
45360
256
1247400
256
-302400
512
-5821200
512
211680
512
3492720
512
0
512
0
512
0
512
0
512
0
256
0
256
45360
256
2494800
256
-907200
512
-23284800
512
1058400
512
20956320
512
65
512
61
256
-187
512
-105
128
105
256
147
128
-63
256
-27
32
45
512
85
256
-7
512
-7
128
0
512
61
256
-374
512
-315
128
420
256
735
128
-378
256
-189
32
360
512
765
256
-70
512
-77
128
0
512
0
256
-374
512
-630
128
1260
256
2940
128
-1890
256
-1134
32
2520
512
6120
256
-630
512
-770
128
0
512
0
256
0
512
-630
128
2520
256
8820
128
-7560
256
-5670
32
15120
512
42840
256
-5040
512
-6930
128
0
512
0
256
0
512
0
128
2520
256
17640
128
-22680
256
-22680
32
75600
512
257040
256
-35280
512
-55440
128
0
512
0
256
0
512
0
128
0
256
17640
128
-45360
256
-68040
32
302400
512
1285200
256
-211680
512
-388080
128
0
512
0
256
0
512
0
128
0
256
0
128
-45360
256
-136080
32
907200
512
5140800
256
-1058400
512
-2328480
128
-37
1536
-19
512
47
512
233
1536
-35
256
-63
256
77
768
51
256
-19
512
-125
1536
3
512
7
512
0
1536
-19
512
94
512
699
1536
-140
256
-315
256
462
768
357
256
-152
512
-1125
1536
30
512
77
512
0
1536
0
512
94
512
1398
1536
-420
256
-1260
256
2310
768
2142
256
-1064
512
-9000
1536
270
512
770
512
0
1536
0
512
0
512
1398
1536
-840
256
-3780
256
9240
768
10710
256
-6384
512
-63000
1536
2160
512
6930
512
0
1536
0
512
0
512
0
1536
-840
256
-7560
256
27720
768
42840
256
-31920
512
-378000
1536
15120
512
55440
512
0
1536
0
512
0
512
0
1536
0
256
-7560
256
55440
768
128520
256
-127680
512
-1890000
1536
90720
512
388080
512
0
1536
0
512
0
512
0
1536
0
256
0
256
55440
768
257040
256
-383040
512
-7560000
1536
453600
512
2328480
512
1
384
5
1536
-3
256
-23
1536
1
48
7
256
-7
384
-19
768
1
128
17
1536
-1
768
-1
512
0
384
5
1536
-6
256
-69
1536
4
48
35
256
-42
384
-133
768
8
128
153
1536
-10
768
-11
512
0
384
0
1536
-6
256
-138
1536
12
48
140
256
-210
384
-798
768
56
128
1224
1536
-90
768
-110
512
0
384
0
1536
0
256
-138
1536
24
48
420
256
-840
384
-3990
768
336
128
8568
1536
-720
768
-990
512
0
384
0
1536
0
256
0
1536
24
48
840
256
-2520
384
-15960
768
1680
128
51408
1536
-5040
768
-7920
512
0
384
0
1536
0
256
0
1536
0
48
840
256
-5040
384
-47880
768
6720
128
257040
1536
-30240
768
-55440
512
0
384
0
1536
0
256
0
1536
0
48
0
256
-5040
384
-95760
768
20160
128
1028160
1536
-151200
768
-332640
512
-1
7680
-1
7680
1
1536
1
1536
-1
768
-1
768
1
768
1
768
-1
1536
-1
1536
1
7680
1
7680
0
7680
-1
7680
2
1536
3
1536
-4
768
-5
768
6
768
7
768
-8
1536
-9
1536
10
7680
11
7680
0
7680
0
7680
2
1536
6
1536
-12
768
-20
768
30
768
42
768
-56
1536
-72
1536
90
7680
110
7680
0
7680
0
7680
0
1536
6
1536
-24
768
-60
768
120
768
210
768
-336
1536
-504
1536
720
7680
990
7680
0
7680
0
7680
0
1536
0
1536
-24
768
-120
768
360
768
840
768
-1680
1536
-3024
1536
5040
7680
7920
7680
0
7680
0
7680
0
1536
0
1536
0
768
-120
768
720
768
2520
768
-6720
1536
-15120
1536
30240
7680
55440
7680
0
7680
0
7680
0
1536
0
1536
0
768
0
768
720
768
5040
768
-20160
1536
-60480
1536
151200
7680
332640
7680
