1
2
-6435
4096
0
1
15015
4096
0
1
-27027
4096
0
1
32175
4096
0
1
-25025
4096
0
1
12285
4096
0
1
-3465
4096
0
1
429
4096
0
2
-6435
4096
0
1
45045
4096
0
1
-135135
4096
0
1
225225
4096
0
1
-225225
4096
0
1
135135
4096
0
1
-45045
4096
0
1
6435
4096
0
2
0
4096
0
1
90090
4096
0
1
-540540
4096
0
1
1351350
4096
0
1
-1801800
4096
0
1
1351350
4096
0
1
-540540
4096
0
1
90090
4096
0
2
0
4096
0
1
90090
4096
0
1
-1621620
4096
0
1
6756750
4096
0
1
-12612600
4096
0
1
12162150
4096
0
1
-5945940
4096
0
1
1171170
4096
0
2
0
4096
0
1
0
4096
0
1
-3243240
4096
0
1
27027000
4096
0
1
-75675600
4096
0
1
97297200
4096
0
1
-59459400
4096
0
1
14054040
4096
0
2
0
4096
0
1
0
4096
0
1
-3243240
4096
0
1
81081000
4096
0
1
-378378000
4096
0
1
681080400
4096
0
1
-535134600
4096
0
1
154594440
4096
0
2
0
4096
0
1
0
4096
0
1
0
4096
0
1
162162000
4096
0
1
-1513512000
4096
0
1
4086482400
4096
0
1
-4281076800
4096
0
1
1545944400
4096
0
2
0
4096
0
1
0
4096
0
1
0
4096
0
1
162162000
4096
0
1
-4540536000
4096
0
1
20432412000
4096
0
1
-29967537600
4096
0
1
13913499600
4096
0
2
0
4096
0
1
0
4096
0
1
0
4096
0
1
0
4096
0
1
-9081072000
4096
0
1
81729648000
4096
0
1
-179805225600
4096
0
1
111307996800
4096
1619
4096
-4387
4096
-3003
4096
15015
4096
3003
4096
-27027
4096
-3003
4096
32175
4096
2145
4096
-25025
4096
-1001
4096
12285
4096
273
4096
-3465
4096
-33
4096
429
4096
0
4096
-4387
4096
-6006
4096
45045
4096
12012
4096
-135135
4096
-18018
4096
225225
4096
17160
4096
-225225
4096
-10010
4096
135135
4096
3276
4096
-45045
4096
-462
4096
6435
4096
0
4096
0
4096
-6006
4096
90090
4096
36036
4096
-540540
4096
-90090
4096
1351350
4096
120120
4096
-1801800
4096
-90090
4096
1351350
4096
36036
4096
-540540
4096
-6006
4096
90090
4096
0
4096
0
4096
0
4096
90090
4096
72072
4096
-1621620
4096
-360360
4096
6756750
4096
720720
4096
-12612600
4096
-720720
4096
12162150
4096
360360
4096
-5945940
4096
-72072
4096
1171170
4096
0
4096
0
4096
0
4096
0
4096
72072
4096
-3243240
4096
-1081080
4096
27027000
4096
3603600
4096
-75675600
4096
-5045040
4096
97297200
4096
3243240
4096
-59459400
4096
-792792
4096
14054040
4096
0
4096
0
4096
0
4096
0
4096
0
4096
-3243240
4096
-2162160
4096
81081000
4096
14414400
4096
-378378000
4096
-30270240
4096
681080400
4096
25945920
4096
-535134600
4096
-7927920
4096
154594440
4096
0
4096
0
4096
0
4096
0
4096
0
4096
0
4096
-2162160
4096
162162000
4096
43243200
4096
-1513512000
4096
-151351200
4096
4086482400
4096
181621440
4096
-4281076800
4096
-71351280
4096
1545944400
4096
0
4096
0
4096
0
4096
0
4096
0
4096
0
4096
0
4096
162162000
4096
86486400
4096
-4540536000
4096
-605404800
4096
20432412000
4096
1089728640
4096
-29967537600
4096
-570810240
4096
13913499600
4096
0
4096
0
4096
0
4096
0
4096
0
4096
0
4096
0
4096
0
4096
86486400
4096
-9081072000
4096
-1816214400
4096
81729648000
4096
5448643200
4096
-179805225600
4096
-3995671680
4096
111307996800
4096
595
4096
-173
512
-1979
4096
3003
2048
3003
4096
-3003
1024
-3003
4096
7293
2048
2145
4096
-715
256
-1001
4096
2821
2048
273
4096
-399
1024
-33
4096
99
2048
0
4096
-173
512
-3958
4096
9009
2048
12012
4096
-15015
1024
-18018
4096
51051
2048
17160
4096
-6435
256
-10010
4096
31031
2048
3276
4096
-5187
1024
-462
4096
1485
2048
0
4096
0
512
-3958
4096
18018
2048
36036
4096
-60060
1024
-90090
4096
306306
2048
120120
4096
-51480
256
-90090
4096
310310
2048
36036
4096
-62244
1024
-6006
4096
20790
2048
0
4096
0
512
0
4096
18018
2048
72072
4096
-180180
1024
-360360
4096
1531530
2048
720720
4096
-360360
256
-720720
4096
2792790
2048
360360
4096
-684684
1024
-72072
4096
270270
2048
0
4096
0
512
0
4096
0
2048
72072
4096
-360360
1024
-1081080
4096
6126120
2048
3603600
4096
-2162160
256
-5045040
4096
22342320
2048
3243240
4096
-6846840
1024
-792792
4096
3243240
2048
0
4096
0
512
0
4096
0
2048
0
4096
-360360
1024
-2162160
4096
18378360
2048
14414400
4096
-10810800
256
-30270240
4096
156396240
2048
25945920
4096
-61621560
1024
-7927920
4096
35675640
2048
0
4096
0
512
0
4096
0
2048
0
4096
0
1024
-2162160
4096
36756720
2048
43243200
4096
-43243200
256
-151351200
4096
938377440
2048
181621440
4096
-492972480
1024
-71351280
4096
356756400
2048
0
4096
0
512
0
4096
0
2048
0
4096
0
1024
0
4096
36756720
2048
86486400
4096
-129729600
256
-605404800
4096
4691887200
2048
1089728640
4096
-3450807360
1024
-570810240
4096
3210807600
2048
0
4096
0
512
0
4096
0
2048
0
4096
0
1024
0
4096
0
2048
86486400
4096
-259459200
256
-1816214400
4096
18767548800
2048
5448643200
4096
-20704844160
1024
-3995671680
4096
25686460800
2048
397
12288
-263
4096
-593
4096
4027
12288
1155
4096
-3003
4096
-1309
4096
3861
4096
957
4096
-9295
12288
-451
4096
1547
4096
371
12288
-441
4096
-15
4096
55
4096
0
12288
-263
4096
-1186
4096
12081
12288
4620
4096
-15015
4096
-7854
4096
27027
4096
7656
4096
-83655
12288
-4510
4096
17017
4096
4452
12288
-5733
4096
-210
4096
825
4096
0
12288
0
4096
-1186
4096
24162
12288
13860
4096
-60060
4096
-39270
4096
162162
4096
53592
4096
-669240
12288
-40590
4096
170170
4096
48972
12288
-68796
4096
-2730
4096
11550
4096
0
12288
0
4096
0
4096
24162
12288
27720
4096
-180180
4096
-157080
4096
810810
4096
321552
4096
-4684680
12288
-324720
4096
1531530
4096
489720
12288
-756756
4096
-32760
4096
150150
4096
0
12288
0
4096
0
4096
0
12288
27720
4096
-360360
4096
-471240
4096
3243240
4096
1607760
4096
-28108080
12288
-2273040
4096
12252240
4096
4407480
12288
-7567560
4096
-360360
4096
1801800
4096
0
12288
0
4096
0
4096
0
12288
0
4096
-360360
4096
-942480
4096
9729720
4096
6431040
4096
-140540400
12288
-13638240
4096
85765680
4096
35259840
12288
-68108040
4096
-3603600
4096
19819800
4096
0
12288
0
4096
0
4096
0
12288
0
4096
0
4096
-942480
4096
19459440
4096
19293120
4096
-562161600
12288
-68191200
4096
514594080
4096
246818880
12288
-544864320
4096
-32432400
4096
198198000
4096
0
12288
0
4096
0
4096
0
12288
0
4096
0
4096
0
4096
19459440
4096
38586240
4096
-1686484800
12288
-272764800
4096
2572970400
4096
1480913280
12288
-3814050240
4096
-259459200
4096
1783782000
4096
0
12288
0
4096
0
4096
0
12288
0
4096
0
4096
0
4096
0
4096
38586240
4096
-3372969600
12288
-818294400
4096
10291881600
4096
7404566400
12288
-22884301440
4096
-1816214400
4096
14270256000
4096
29
6144
-49
6144
-13
512
281
6144
359
6144
-231
2048
-77
1024
319
2048
121
2048
-803
6144
-11
384
137
2048
49
6144
-119
6144
-1
1024
5
2048
0
6144
-49
6144
-26
512
843
6144
1436
6144
-1155
2048
-462
1024
2233
2048
968
2048
-7227
6144
-110
384
1507
2048
588
6144
-1547
6144
-14
1024
75
2048
0
6144
0
6144
-26
512
1686
6144
4308
6144
-4620
2048
-2310
1024
13398
2048
6776
2048
-57816
6144
-990
384
15070
2048
6468
6144
-18564
6144
-182
1024
1050
2048
0
6144
0
6144
0
512
1686
6144
8616
6144
-13860
2048
-9240
1024
66990
2048
40656
2048
-404712
6144
-7920
384
135630
2048
64680
6144
-204204
6144
-2184
1024
13650
2048
0
6144
0
6144
0
512
0
6144
8616
6144
-27720
2048
-27720
1024
267960
2048
203280
2048
-2428272
6144
-55440
384
1085040
2048
582120
6144
-2042040
6144
-24024
1024
163800
2048
0
6144
0
6144
0
512
0
6144
0
6144
-27720
2048
-55440
1024
803880
2048
813120
2048
-12141360
6144
-332640
384
7595280
2048
4656960
6144
-18378360
6144
-240240
1024
1801800
2048
0
6144
0
6144
0
512
0
6144
0
6144
0
2048
-55440
1024
1607760
2048
2439360
2048
-48565440
6144
-1663200
384
45571680
2048
32598720
6144
-147026880
6144
-2162160
1024
18018000
2048
0
6144
0
6144
0
512
0
6144
0
6144
0
2048
0
1024
1607760
2048
4878720
2048
-145696320
6144
-6652800
384
227858400
2048
195592320
6144
-1029188160
6144
-17297280
1024
162162000
2048
0
6144
0
6144
0
512
0
6144
0
6144
0
2048
0
1024
0
2048
4878720
2048
-291392640
6144
-19958400
384
911433600
2048
977961600
6144
-6175128960
6144
-121080960
1024
1297296000
2048
7
15360
-1
1536
-17
6144
25
6144
11
1536
-167
15360
-21
2048
33
2048
9
1024
-11
768
-139
30720
47
6144
1
768
-7
3072
-1
6144
3
10240
0
15360
-1
1536
-34
6144
75
6144
44
1536
-835
15360
-126
2048
231
2048
72
1024
-99
768
-1390
30720
517
6144
12
768
-91
3072
-14
6144
45
10240
0
15360
0
1536
-34
6144
150
6144
132
1536
-3340
15360
-630
2048
1386
2048
504
1024
-792
768
-12510
30720
5170
6144
132
768
-1092
3072
-182
6144
630
10240
0
15360
0
1536
0
6144
150
6144
264
1536
-10020
15360
-2520
2048
6930
2048
3024
1024
-5544
768
-100080
30720
46530
6144
1320
768
-12012
3072
-2184
6144
8190
10240
0
15360
0
1536
0
6144
0
6144
264
1536
-20040
15360
-7560
2048
27720
2048
15120
1024
-33264
768
-700560
30720
372240
6144
11880
768
-120120
3072
-24024
6144
98280
10240
0
15360
0
1536
0
6144
0
6144
0
1536
-20040
15360
-15120
2048
83160
2048
60480
1024
-166320
768
-4203360
30720
2605680
6144
95040
768
-1081080
3072
-240240
6144
1081080
10240
0
15360
0
1536
0
6144
0
6144
0
1536
0
15360
-15120
2048
166320
2048
181440
1024
-665280
768
-21016800
30720
15634080
6144
665280
768
-8648640
3072
-2162160
6144
10810800
10240
0
15360
0
1536
0
6144
0
6144
0
1536
0
15360
0
2048
166320
2048
362880
1024
-1995840
768
-84067200
30720
78170400
6144
3991680
768
-60540480
3072
-17297280
6144
97297200
10240
0
15360
0
1536
0
6144
0
6144
0
1536
0
15360
0
2048
0
2048
362880
1024
-3991680
768
-252201600
30720
312681600
6144
19958400
768
-363242880
3072
-121080960
6144
778377600
10240
1
36864
-1
30720
-11
61440
1
4608
31
61440
-19
30720
-29
36864
1
1024
3
4096
-17
18432
-5
12288
1
1920
23
184320
-1
6144
-1
61440
1
46080
0
36864
-1
30720
-22
61440
3
4608
124
61440
-95
30720
-174
36864
7
1024
24
4096
-153
18432
-50
12288
11
1920
276
184320
-13
6144
-14
61440
15
46080
0
36864
0
30720
-22
61440
6
4608
372
61440
-380
30720
-870
36864
42
1024
168
4096
-1224
18432
-450
12288
110
1920
3036
184320
-156
6144
-182
61440
210
46080
0
36864
0
30720
0
61440
6
4608
744
61440
-1140
30720
-3480
36864
210
1024
1008
4096
-8568
18432
-3600
12288
990
1920
30360
184320
-1716
6144
-2184
61440
2730
46080
0
36864
0
30720
0
61440
0
4608
744
61440
-2280
30720
-10440
36864
840
1024
5040
4096
-51408
18432
-25200
12288
7920
1920
273240
184320
-17160
6144
-24024
61440
32760
46080
0
36864
0
30720
0
61440
0
4608
0
61440
-2280
30720
-20880
36864
2520
1024
20160
4096
-257040
18432
-151200
12288
55440
1920
2185920
184320
-154440
6144
-240240
61440
360360
46080
0
36864
0
30720
0
61440
0
4608
0
61440
0
30720
-20880
36864
5040
1024
60480
4096
-1028160
18432
-756000
12288
332640
1920
15301440
184320
-1235520
6144
-2162160
61440
3603600
46080
0
36864
0
30720
0
61440
0
4608
0
61440
0
30720
0
36864
5040
1024
120960
4096
-3084480
18432
-3024000
12288
1663200
1920
91808640
184320
-8648640
6144
-17297280
61440
32432400
46080
0
36864
0
30720
0
61440
0
4608
0
61440
0
30720
0
36864
0
1024
120960
4096
-6168960
18432
-9072000
12288
6652800
1920
459043200
184320
-51891840
6144
-121080960
61440
259459200
46080
1
1290240
-1
1290240
-1
184320
1
184320
1
61440
-1
61440
-1
36864
1
36864
1
36864
-1
36864
-1
61440
1
61440
1
184320
-1
184320
-1
1290240
1
1290240
0
1290240
-1
1290240
-2
184320
3
184320
4
61440
-5
61440
-6
36864
7
36864
8
36864
-9
36864
-10
61440
11
61440
12
184320
-13
184320
-14
1290240
15
1290240
0
1290240
0
1290240
-2
184320
6
184320
12
61440
-20
61440
-30
36864
42
36864
56
36864
-72
36864
-90
61440
110
61440
132
184320
-156
184320
-182
1290240
210
1290240
0
1290240
0
1290240
0
184320
6
184320
24
61440
-60
61440
-120
36864
210
36864
336
36864
-504
36864
-720
61440
990
61440
1320
184320
-1716
184320
-2184
1290240
2730
1290240
0
1290240
0
1290240
0
184320
0
184320
24
61440
-120
61440
-360
36864
840
36864
1680
36864
-3024
36864
-5040
61440
7920
61440
11880
184320
-17160
184320
-24024
1290240
32760
1290240
0
1290240
0
1290240
0
184320
0
184320
0
61440
-120
61440
-720
36864
2520
36864
6720
36864
-15120
36864
-30240
61440
55440
61440
95040
184320
-154440
184320
-240240
1290240
360360
1290240
0
1290240
0
1290240
0
184320
0
184320
0
61440
0
61440
-720
36864
5040
36864
20160
36864
-60480
36864
-151200
61440
332640
61440
665280
184320
-1235520
184320
-2162160
1290240
3603600
1290240
0
1290240
0
1290240
0
184320
0
184320
0
61440
0
61440
0
36864
5040
36864
40320
36864
-181440
36864
-604800
61440
1663200
61440
3991680
184320
-8648640
184320
-17297280
1290240
32432400
1290240
0
1290240
0
1290240
0
184320
0
184320
0
61440
0
61440
0
36864
0
36864
40320
36864
-362880
36864
-1814400
61440
6652800
61440
19958400
184320
-51891840
184320
-121080960
1290240
259459200
1290240
1
2
6435
4096
0
1
-15015
4096
0
1
27027
4096
0
1
-32175
4096
0
1
25025
4096
0
1
-12285
4096
0
1
3465
4096
0
1
-429
4096
0
2
6435
4096
0
1
-45045
4096
0
1
135135
4096
0
1
-225225
4096
0
1
225225
4096
0
1
-135135
4096
0
1
45045
4096
0
1
-6435
4096
0
2
0
4096
0
1
-90090
4096
0
1
540540
4096
0
1
-1351350
4096
0
1
1801800
4096
0
1
-1351350
4096
0
1
540540
4096
0
1
-90090
4096
0
2
0
4096
0
1
-90090
4096
0
1
1621620
4096
0
1
-6756750
4096
0
1
12612600
4096
0
1
-12162150
4096
0
1
5945940
4096
0
1
-1171170
4096
0
2
0
4096
0
1
0
4096
0
1
3243240
4096
0
1
-27027000
4096
0
1
75675600
4096
0
1
-97297200
4096
0
1
59459400
4096
0
1
-14054040
4096
0
2
0
4096
0
1
0
4096
0
1
3243240
4096
0
1
-81081000
4096
0
1
378378000
4096
0
1
-681080400
4096
0
1
535134600
4096
0
1
-154594440
4096
0
2
0
4096
0
1
0
4096
0
1
0
4096
0
1
-162162000
4096
0
1
1513512000
4096
0
1
-4086482400
4096
0
1
4281076800
4096
0
1
-1545944400
4096
0
2
0
4096
0
1
0
4096
0
1
0
4096
0
1
-162162000
4096
0
1
4540536000
4096
0
1
-20432412000
4096
0
1
29967537600
4096
0
1
-13913499600
4096
0
2
0
4096
0
1
0
4096
0
1
0
4096
0
1
0
4096
0
1
9081072000
4096
0
1
-81729648000
4096
0
1
179805225600
4096
0
1
-111307996800
4096
-1619
4096
-4387
4096
3003
4096
15015
4096
-3003
4096
-27027
4096
3003
4096
32175
4096
-2145
4096
-25025
4096
1001
4096
12285
4096
-273
4096
-3465
4096
33
4096
429
4096
0
4096
-4387
4096
6006
4096
45045
4096
-12012
4096
-135135
4096
18018
4096
225225
4096
-17160
4096
-225225
4096
10010
4096
135135
4096
-3276
4096
-45045
4096
462
4096
6435
4096
0
4096
0
4096
6006
4096
90090
4096
-36036
4096
-540540
4096
90090
4096
1351350
4096
-120120
4096
-1801800
4096
90090
4096
1351350
4096
-36036
4096
-540540
4096
6006
4096
90090
4096
0
4096
0
4096
0
4096
90090
4096
-72072
4096
-1621620
4096
360360
4096
6756750
4096
-720720
4096
-12612600
4096
720720
4096
12162150
4096
-360360
4096
-5945940
4096
72072
4096
1171170
4096
0
4096
0
4096
0
4096
0
4096
-72072
4096
-3243240
4096
1081080
4096
27027000
4096
-3603600
4096
-75675600
4096
5045040
4096
97297200
4096
-3243240
4096
-59459400
4096
792792
4096
14054040
4096
0
4096
0
4096
0
4096
0
4096
0
4096
-3243240
4096
2162160
4096
81081000
4096
-14414400
4096
-378378000
4096
30270240
4096
681080400
4096
-25945920
4096
-535134600
4096
7927920
4096
154594440
4096
0
4096
0
4096
0
4096
0
4096
0
4096
0
4096
2162160
4096
162162000
4096
-43243200
4096
-1513512000
4096
151351200
4096
4086482400
4096
-181621440
4096
-4281076800
4096
71351280
4096
1545944400
4096
0
4096
0
4096
0
4096
0
4096
0
4096
0
4096
0
4096
162162000
4096
-86486400
4096
-4540536000
4096
605404800
4096
20432412000
4096
-1089728640
4096
-29967537600
4096
570810240
4096
13913499600
4096
0
4096
0
4096
0
4096
0
4096
0
4096
0
4096
0
4096
0
4096
-86486400
4096
-9081072000
4096
1816214400
4096
81729648000
4096
-5448643200
4096
-179805225600
4096
3995671680
4096
111307996800
4096
595
4096
173
512
-1979
4096
-3003
2048
3003
4096
3003
1024
-3003
4096
-7293
2048
2145
4096
715
256
-1001
4096
-2821
2048
273
4096
399
1024
-33
4096
-99
2048
0
4096
173
512
-3958
4096
-9009
2048
12012
4096
15015
1024
-18018
4096
-51051
2048
17160
4096
6435
256
-10010
4096
-31031
2048
3276
4096
5187
1024
-462
4096
-1485
2048
0
4096
0
512
-3958
4096
-18018
2048
36036
4096
60060
1024
-90090
4096
-306306
2048
120120
4096
51480
256
-90090
4096
-310310
2048
36036
4096
62244
1024
-6006
4096
-20790
2048
0
4096
0
512
0
4096
-18018
2048
72072
4096
180180
1024
-360360
4096
-1531530
2048
720720
4096
360360
256
-720720
4096
-2792790
2048
360360
4096
684684
1024
-72072
4096
-270270
2048
0
4096
0
512
0
4096
0
2048
72072
4096
360360
1024
-1081080
4096
-6126120
2048
3603600
4096
2162160
256
-5045040
4096
-22342320
2048
3243240
4096
6846840
1024
-792792
4096
-3243240
2048
0
4096
0
512
0
4096
0
2048
0
4096
360360
1024
-2162160
4096
-18378360
2048
14414400
4096
10810800
256
-30270240
4096
-156396240
2048
25945920
4096
61621560
1024
-7927920
4096
-35675640
2048
0
4096
0
512
0
4096
0
2048
0
4096
0
1024
-2162160
4096
-36756720
2048
43243200
4096
43243200
256
-151351200
4096
-938377440
2048
181621440
4096
492972480
1024
-71351280
4096
-356756400
2048
0
4096
0
512
0
4096
0
2048
0
4096
0
1024
0
4096
-36756720
2048
86486400
4096
129729600
256
-605404800
4096
-4691887200
2048
1089728640
4096
3450807360
1024
-570810240
4096
-3210807600
2048
0
4096
0
512
0
4096
0
2048
0
4096
0
1024
0
4096
0
2048
86486400
4096
259459200
256
-1816214400
4096
-18767548800
2048
5448643200
4096
20704844160
1024
-3995671680
4096
-25686460800
2048
-397
12288
-263
4096
593
4096
4027
12288
-1155
4096
-3003
4096
1309
4096
3861
4096
-957
4096
-9295
12288
451
4096
1547
4096
-371
12288
-441
4096
15
4096
55
4096
0
12288
-263
4096
1186
4096
12081
12288
-4620
4096
-15015
4096
7854
4096
27027
4096
-7656
4096
-83655
12288
4510
4096
17017
4096
-4452
12288
-5733
4096
210
4096
825
4096
0
12288
0
4096
1186
4096
24162
12288
-13860
4096
-60060
4096
39270
4096
162162
4096
-53592
4096
-669240
12288
40590
4096
170170
4096
-48972
12288
-68796
4096
2730
4096
11550
4096
0
12288
0
4096
0
4096
24162
12288
-27720
4096
-180180
4096
157080
4096
810810
4096
-321552
4096
-4684680
12288
324720
4096
1531530
4096
-489720
12288
-756756
4096
32760
4096
150150
4096
0
12288
0
4096
0
4096
0
12288
-27720
4096
-360360
4096
471240
4096
3243240
4096
-1607760
4096
-28108080
12288
2273040
4096
12252240
4096
-4407480
12288
-7567560
4096
360360
4096
1801800
4096
0
12288
0
4096
0
4096
0
12288
0
4096
-360360
4096
942480
4096
9729720
4096
-6431040
4096
-140540400
12288
13638240
4096
85765680
4096
-35259840
12288
-68108040
4096
3603600
4096
19819800
4096
0
12288
0
4096
0
4096
0
12288
0
4096
0
4096
942480
4096
19459440
4096
-19293120
4096
-562161600
12288
68191200
4096
514594080
4096
-246818880
12288
-544864320
4096
32432400
4096
198198000
4096
0
12288
0
4096
0
4096
0
12288
0
4096
0
4096
0
4096
19459440
4096
-38586240
4096
-1686484800
12288
272764800
4096
2572970400
4096
-1480913280
12288
-3814050240
4096
259459200
4096
1783782000
4096
0
12288
0
4096
0
4096
0
12288
0
4096
0
4096
0
4096
0
4096
-38586240
4096
-3372969600
12288
818294400
4096
10291881600
4096
-7404566400
12288
-22884301440
4096
1816214400
4096
14270256000
4096
29
6144
49
6144
-13
512
-281
6144
359
6144
231
2048
-77
1024
-319
2048
121
2048
803
6144
-11
384
-137
2048
49
6144
119
6144
-1
1024
-5
2048
0
6144
49
6144
-26
512
-843
6144
1436
6144
1155
2048
-462
1024
-2233
2048
968
2048
7227
6144
-110
384
-1507
2048
588
6144
1547
6144
-14
1024
-75
2048
0
6144
0
6144
-26
512
-1686
6144
4308
6144
4620
2048
-2310
1024
-13398
2048
6776
2048
57816
6144
-990
384
-15070
2048
6468
6144
18564
6144
-182
1024
-1050
2048
0
6144
0
6144
0
512
-1686
6144
8616
6144
13860
2048
-9240
1024
-66990
2048
40656
2048
404712
6144
-7920
384
-135630
2048
64680
6144
204204
6144
-2184
1024
-13650
2048
0
6144
0
6144
0
512
0
6144
8616
6144
27720
2048
-27720
1024
-267960
2048
203280
2048
2428272
6144
-55440
384
-1085040
2048
582120
6144
2042040
6144
-24024
1024
-163800
2048
0
6144
0
6144
0
512
0
6144
0
6144
27720
2048
-55440
1024
-803880
2048
813120
2048
12141360
6144
-332640
384
-7595280
2048
4656960
6144
18378360
6144
-240240
1024
-1801800
2048
0
6144
0
6144
0
512
0
6144
0
6144
0
2048
-55440
1024
-1607760
2048
2439360
2048
48565440
6144
-1663200
384
-45571680
2048
32598720
6144
147026880
6144
-2162160
1024
-18018000
2048
0
6144
0
6144
0
512
0
6144
0
6144
0
2048
0
1024
-1607760
2048
4878720
2048
145696320
6144
-6652800
384
-227858400
2048
195592320
6144
1029188160
6144
-17297280
1024
-162162000
2048
0
6144
0
6144
0
512
0
6144
0
6144
0
2048
0
1024
0
2048
4878720
2048
291392640
6144
-19958400
384
-911433600
2048
977961600
6144
6175128960
6144
-121080960
1024
-1297296000
2048
-7
15360
-1
1536
17
6144
25
6144
-11
1536
-167
15360
21
2048
33
2048
-9
1024
-11
768
139
30720
47
6144
-1
768
-7
3072
1
6144
3
10240
0
15360
-1
1536
34
6144
75
6144
-44
1536
-835
15360
126
2048
231
2048
-72
1024
-99
768
1390
30720
517
6144
-12
768
-91
3072
14
6144
45
10240
0
15360
0
1536
34
6144
150
6144
-132
1536
-3340
15360
630
2048
1386
2048
-504
1024
-792
768
12510
30720
5170
6144
-132
768
-1092
3072
182
6144
630
10240
0
15360
0
1536
0
6144
150
6144
-264
1536
-10020
15360
2520
2048
6930
2048
-3024
1024
-5544
768
100080
30720
46530
6144
-1320
768
-12012
3072
2184
6144
8190
10240
0
15360
0
1536
0
6144
0
6144
-264
1536
-20040
15360
7560
2048
27720
2048
-15120
1024
-33264
768
700560
30720
372240
6144
-11880
768
-120120
3072
24024
6144
98280
10240
0
15360
0
1536
0
6144
0
6144
0
1536
-20040
15360
15120
2048
83160
2048
-60480
1024
-166320
768
4203360
30720
2605680
6144
-95040
768
-1081080
3072
240240
6144
1081080
10240
0
15360
0
1536
0
6144
0
6144
0
1536
0
15360
15120
2048
166320
2048
-181440
1024
-665280
768
21016800
30720
15634080
6144
-665280
768
-8648640
3072
2162160
6144
10810800
10240
0
15360
0
1536
0
6144
0
6144
0
1536
0
15360
0
2048
166320
2048
-362880
1024
-1995840
768
84067200
30720
78170400
6144
-3991680
768
-60540480
3072
17297280
6144
97297200
10240
0
15360
0
1536
0
6144
0
6144
0
1536
0
15360
0
2048
0
2048
-362880
1024
-3991680
768
252201600
30720
312681600
6144
-19958400
768
-363242880
3072
121080960
6144
778377600
10240
1
36864
1
30720
-11
61440
-1
4608
31
61440
19
30720
-29
36864
-1
1024
3
4096
17
18432
-5
12288
-1
1920
23
184320
1
6144
-1
61440
-1
46080
0
36864
1
30720
-22
61440
-3
4608
124
61440
95
30720
-174
36864
-7
1024
24
4096
153
18432
-50
12288
-11
1920
276
184320
13
6144
-14
61440
-15
46080
0
36864
0
30720
-22
61440
-6
4608
372
61440
380
30720
-870
36864
-42
1024
168
4096
1224
18432
-450
12288
-110
1920
3036
184320
156
6144
-182
61440
-210
46080
0
36864
0
30720
0
61440
-6
4608
744
61440
1140
30720
-3480
36864
-210
1024
1008
4096
8568
18432
-3600
12288
-990
1920
30360
184320
1716
6144
-2184
61440
-2730
46080
0
36864
0
30720
0
61440
0
4608
744
61440
2280
30720
-10440
36864
-840
1024
5040
4096
51408
18432
-25200
12288
-7920
1920
273240
184320
17160
6144
-24024
61440
-32760
46080
0
36864
0
30720
0
61440
0
4608
0
61440
2280
30720
-20880
36864
-2520
1024
20160
4096
257040
18432
-151200
12288
-55440
1920
2185920
184320
154440
6144
-240240
61440
-360360
46080
0
36864
0
30720
0
61440
0
4608
0
61440
0
30720
-20880
36864
-5040
1024
60480
4096
1028160
18432
-756000
12288
-332640
1920
15301440
184320
1235520
6144
-2162160
61440
-3603600
46080
0
36864
0
30720
0
61440
0
4608
0
61440
0
30720
0
36864
-5040
1024
120960
4096
3084480
18432
-3024000
12288
-1663200
1920
91808640
184320
8648640
6144
-17297280
61440
-32432400
46080
0
36864
0
30720
0
61440
0
4608
0
61440
0
30720
0
36864
0
1024
120960
4096
6168960
18432
-9072000
12288
-6652800
1920
459043200
184320
51891840
6144
-121080960
61440
-259459200
46080
-1
1290240
-1
1290240
1
184320
1
184320
-1
61440
-1
61440
1
36864
1
36864
-1
36864
-1
36864
1
61440
1
61440
-1
184320
-1
184320
1
1290240
1
1290240
0
1290240
-1
1290240
2
184320
3
184320
-4
61440
-5
61440
6
36864
7
36864
-8
36864
-9
36864
10
61440
11
61440
-12
184320
-13
184320
14
1290240
15
1290240
0
1290240
0
1290240
2
184320
6
184320
-12
61440
-20
61440
30
36864
42
36864
-56
36864
-72
36864
90
61440
110
61440
-132
184320
-156
184320
182
1290240
210
1290240
0
1290240
0
1290240
0
184320
6
184320
-24
61440
-60
61440
120
36864
210
36864
-336
36864
-504
36864
720
61440
990
61440
-1320
184320
-1716
184320
2184
1290240
2730
1290240
0
1290240
0
1290240
0
184320
0
184320
-24
61440
-120
61440
360
36864
840
36864
-1680
36864
-3024
36864
5040
61440
7920
61440
-11880
184320
-17160
184320
24024
1290240
32760
1290240
0
1290240
0
1290240
0
184320
0
184320
0
61440
-120
61440
720
36864
2520
36864
-6720
36864
-15120
36864
30240
61440
55440
61440
-95040
184320
-154440
184320
240240
1290240
360360
1290240
0
1290240
0
1290240
0
184320
0
184320
0
61440
0
61440
720
36864
5040
36864
-20160
36864
-60480
36864
151200
61440
332640
61440
-665280
184320
-1235520
184320
2162160
1290240
3603600
1290240
0
1290240
0
1290240
0
184320
0
184320
0
61440
0
61440
0
36864
5040
36864
-40320
36864
-181440
36864
604800
61440
1663200
61440
-3991680
184320
-8648640
184320
17297280
1290240
32432400
1290240
0
1290240
0
1290240
0
184320
0
184320
0
61440
0
61440
0
36864
0
36864
-40320
36864
-362880
36864
1814400
61440
6652800
61440
-19958400
184320
-51891840
184320
121080960
1290240
259459200
1290240
