1
2
-109395
65536
0
1
36465
8192
0
1
-153153
16384
0
1
109395
8192
0
1
-425425
32768
0
1
69615
8192
0
1
-58905
16384
0
1
7293
8192
0
1
-6435
65536
0
2
-109395
65536
0
1
109395
8192
0
1
-765765
16384
0
1
765765
8192
0
1
-3828825
32768
0
1
765765
8192
0
1
-765765
16384
0
1
109395
8192
0
1
-109395
65536
0
2
0
65536
0
1
218790
8192
0
1
-3063060
16384
0
1
4594590
8192
0
1
-30630600
32768
0
1
7657650
8192
0
1
-9189180
16384
0
1
1531530
8192
0
1
-1750320
65536
0
2
0
65536
0
1
218790
8192
0
1
-9189180
16384
0
1
22972950
8192
0
1
-214414200
32768
0
1
68918850
8192
0
1
-101080980
16384
0
1
19909890
8192
0
1
-26254800
65536
0
2
0
65536
0
1
0
8192
0
1
-18378360
16384
0
1
91891800
8192
0
1
-1286485200
32768
0
1
551350800
8192
0
1
-1010809800
16384
0
1
238918680
8192
0
1
-367567200
65536
0
2
0
65536
0
1
0
8192
0
1
-18378360
16384
0
1
275675400
8192
0
1
-6432426000
32768
0
1
3859455600
8192
0
1
-9097288200
16384
0
1
2628105480
8192
0
1
-4778373600
65536
0
2
0
65536
0
1
0
8192
0
1
0
16384
0
1
551350800
8192
0
1
-25729704000
32768
0
1
23156733600
8192
0
1
-72778305600
16384
0
1
26281054800
8192
0
1
-57340483200
65536
0
2
0
65536
0
1
0
8192
0
1
0
16384
0
1
551350800
8192
0
1
-77189112000
32768
0
1
115783668000
8192
0
1
-509448139200
16384
0
1
236529493200
8192
0
1
-630745315200
65536
0
2
0
65536
0
1
0
8192
0
1
0
16384
0
1
0
8192
0
1
-154378224000
32768
0
1
463134672000
8192
0
1
-3056688835200
16384
0
1
1892235945600
8192
0
1
-6307453152000
65536
0
2
0
65536
0
1
0
8192
0
1
0
16384
0
1
0
8192
0
1
-154378224000
32768
0
1
1389404016000
8192
0
1
-15283444176000
16384
0
1
13245651619200
8192
0
1
-56767078368000
65536
26333
65536
-76627
65536
-6435
8192
36465
8192
15015
16384
-153153
16384
-9009
8192
109395
8192
32175
32768
-425425
32768
-5005
8192
69615
8192
4095
16384
-58905
16384
-495
8192
7293
8192
429
65536
-6435
65536
0
65536
-76627
65536
-12870
8192
109395
8192
60060
16384
-765765
16384
-54054
8192
765765
8192
257400
32768
-3828825
32768
-50050
8192
765765
8192
49140
16384
-765765
16384
-6930
8192
109395
8192
6864
65536
-109395
65536
0
65536
0
65536
-12870
8192
218790
8192
180180
16384
-3063060
16384
-270270
8192
4594590
8192
1801800
32768
-30630600
32768
-450450
8192
7657650
8192
540540
16384
-9189180
16384
-90090
8192
1531530
8192
102960
65536
-1750320
65536
0
65536
0
65536
0
8192
218790
8192
360360
16384
-9189180
16384
-1081080
8192
22972950
8192
10810800
32768
-214414200
32768
-3603600
8192
68918850
8192
5405400
16384
-101080980
16384
-1081080
8192
19909890
8192
1441440
65536
-26254800
65536
0
65536
0
65536
0
8192
0
8192
360360
16384
-18378360
16384
-3243240
8192
91891800
8192
54054000
32768
-1286485200
32768
-25225200
8192
551350800
8192
48648600
16384
-1010809800
16384
-11891880
8192
238918680
8192
18738720
65536
-367567200
65536
0
65536
0
65536
0
8192
0
8192
0
16384
-18378360
16384
-6486480
8192
275675400
8192
216216000
32768
-6432426000
32768
-151351200
8192
3859455600
8192
389188800
16384
-9097288200
16384
-118918800
8192
2628105480
8192
224864640
65536
-4778373600
65536
0
65536
0
65536
0
8192
0
8192
0
16384
0
16384
-6486480
8192
551350800
8192
648648000
32768
-25729704000
32768
-756756000
8192
23156733600
8192
2724321600
16384
-72778305600
16384
-1070269200
8192
26281054800
8192
2473511040
65536
-57340483200
65536
0
65536
0
65536
0
8192
0
8192
0
16384
0
16384
0
8192
551350800
8192
1297296000
32768
-77189112000
32768
-3027024000
8192
115783668000
8192
16345929600
16384
-509448139200
16384
-8562153600
8192
236529493200
8192
24735110400
65536
-630745315200
65536
0
65536
0
65536
0
8192
0
8192
0
16384
0
16384
0
8192
0
8192
1297296000
32768
-154378224000
32768
-9081072000
8192
463134672000
8192
81729648000
16384
-3056688835200
16384
-59935075200
8192
1892235945600
8192
222615993600
65536
-6307453152000
65536
0
65536
0
65536
0
8192
0
8192
0
16384
0
16384
0
8192
0
8192
0
32768
-154378224000
32768
-18162144000
8192
1389404016000
8192
326918592000
16384
-15283444176000
16384
-359610451200
8192
13245651619200
8192
1780927948800
65536
-56767078368000
65536
9949
65536
-25147
65536
-4387
8192
15015
8192
15015
16384
-69069
16384
-9009
8192
50193
8192
32175
32768
-196625
32768
-5005
8192
32305
8192
4095
16384
-27405
16384
-495
8192
3399
8192
429
65536
-3003
65536
0
65536
-25147
65536
-8774
8192
45045
8192
60060
16384
-345345
16384
-54054
8192
351351
8192
257400
32768
-1769625
32768
-50050
8192
355355
8192
49140
16384
-356265
16384
-6930
8192
50985
8192
6864
65536
-51051
65536
0
65536
0
65536
-8774
8192
90090
8192
180180
16384
-1381380
16384
-270270
8192
2108106
8192
1801800
32768
-14157000
32768
-450450
8192
3553550
8192
540540
16384
-4275180
16384
-90090
8192
713790
8192
102960
65536
-816816
65536
0
65536
0
65536
0
8192
90090
8192
360360
16384
-4144140
16384
-1081080
8192
10540530
8192
10810800
32768
-99099000
32768
-3603600
8192
31981950
8192
5405400
16384
-47026980
16384
-1081080
8192
9279270
8192
1441440
65536
-12252240
65536
0
65536
0
65536
0
8192
0
8192
360360
16384
-8288280
16384
-3243240
8192
42162120
8192
54054000
32768
-594594000
32768
-25225200
8192
255855600
8192
48648600
16384
-470269800
16384
-11891880
8192
111351240
8192
18738720
65536
-171531360
65536
0
65536
0
65536
0
8192
0
8192
0
16384
-8288280
16384
-6486480
8192
126486360
8192
216216000
32768
-2972970000
32768
-151351200
8192
1790989200
8192
389188800
16384
-4232428200
16384
-118918800
8192
1224863640
8192
224864640
65536
-2229907680
65536
0
65536
0
65536
0
8192
0
8192
0
16384
0
16384
-6486480
8192
252972720
8192
648648000
32768
-11891880000
32768
-756756000
8192
10745935200
8192
2724321600
16384
-33859425600
16384
-1070269200
8192
12248636400
8192
2473511040
65536
-26758892160
65536
0
65536
0
65536
0
8192
0
8192
0
16384
0
16384
0
8192
252972720
8192
1297296000
32768
-35675640000
32768
-3027024000
8192
53729676000
8192
16345929600
16384
-237015979200
16384
-8562153600
8192
110237727600
8192
24735110400
65536
-294347813760
65536
0
65536
0
65536
0
8192
0
8192
0
16384
0
16384
0
8192
0
8192
1297296000
32768
-71351280000
32768
-9081072000
8192
214918704000
8192
81729648000
16384
-1422095875200
16384
-59935075200
8192
881901820800
8192
222615993600
65536
-2943478137600
65536
0
65536
0
65536
0
8192
0
8192
0
16384
0
16384
0
8192
0
8192
0
32768
-71351280000
32768
-18162144000
8192
644756112000
8192
326918592000
16384
-7110479376000
16384
-359610451200
8192
6173312745600
8192
1780927948800
65536
-26491303238400
65536
3473
98304
-2533
32768
-173
1024
2657
6144
3003
8192
-9009
8192
-1001
2048
429
256
7293
16384
-82225
49152
-143
512
2275
2048
2821
24576
-3885
8192
-57
2048
121
1024
99
32768
-429
32768
0
98304
-2533
32768
-346
1024
7971
6144
12012
8192
-45045
8192
-6006
2048
3003
256
58344
16384
-740025
49152
-1430
512
25025
2048
33852
24576
-50505
8192
-798
2048
1815
1024
1584
32768
-7293
32768
0
98304
0
32768
-346
1024
15942
6144
36036
8192
-180180
8192
-30030
2048
18018
256
408408
16384
-5920200
49152
-12870
512
250250
2048
372372
24576
-606060
8192
-10374
2048
25410
1024
23760
32768
-116688
32768
0
98304
0
32768
0
1024
15942
6144
72072
8192
-540540
8192
-120120
2048
90090
256
2450448
16384
-41441400
49152
-102960
512
2252250
2048
3723720
24576
-6666660
8192
-124488
2048
330330
1024
332640
32768
-1750320
32768
0
98304
0
32768
0
1024
0
6144
72072
8192
-1081080
8192
-360360
2048
360360
256
12252240
16384
-248648400
49152
-720720
512
18018000
2048
33513480
24576
-66666600
8192
-1369368
2048
3963960
1024
4324320
32768
-24504480
32768
0
98304
0
32768
0
1024
0
6144
0
8192
-1081080
8192
-720720
2048
1081080
256
49008960
16384
-1243242000
49152
-4324320
512
126126000
2048
268107840
24576
-599999400
8192
-13693680
2048
43603560
1024
51891840
32768
-318558240
32768
0
98304
0
32768
0
1024
0
6144
0
8192
0
8192
-720720
2048
2162160
256
147026880
16384
-4972968000
49152
-21621600
512
756756000
2048
1876754880
24576
-4799995200
8192
-123243120
2048
436035600
1024
570810240
32768
-3822698880
32768
0
98304
0
32768
0
1024
0
6144
0
8192
0
8192
0
2048
2162160
256
294053760
16384
-14918904000
49152
-86486400
512
3783780000
2048
11260529280
24576
-33599966400
8192
-985944960
2048
3924320400
1024
5708102400
32768
-42049687680
32768
0
98304
0
32768
0
1024
0
6144
0
8192
0
8192
0
2048
0
256
294053760
16384
-29837808000
49152
-259459200
512
15135120000
2048
56302646400
24576
-201599798400
8192
-6901614720
2048
31394563200
1024
51372921600
32768
-420496876800
32768
0
98304
0
32768
0
1024
0
6144
0
8192
0
8192
0
2048
0
256
0
16384
-29837808000
49152
-518918400
512
45405360000
2048
225210585600
24576
-1007998992000
8192
-41409688320
2048
219761942400
1024
410983372800
32768
-3784471891200
32768
1093
196608
-2063
196608
-263
8192
1619
24576
4027
49152
-3003
16384
-1001
8192
2431
8192
3861
32768
-30173
98304
-1859
24576
1703
8192
1547
49152
-4417
49152
-63
8192
185
8192
55
65536
-165
65536
0
196608
-2063
196608
-526
8192
4857
24576
16108
49152
-15015
16384
-6006
8192
17017
8192
30888
32768
-271557
98304
-18590
24576
18733
8192
18564
49152
-57421
49152
-882
8192
2775
8192
880
65536
-2805
65536
0
196608
0
196608
-526
8192
9714
24576
48324
49152
-60060
16384
-30030
8192
102102
8192
216216
32768
-2172456
98304
-167310
24576
187330
8192
204204
49152
-689052
49152
-11466
8192
38850
8192
13200
65536
-44880
65536
0
196608
0
196608
0
8192
9714
24576
96648
49152
-180180
16384
-120120
8192
510510
8192
1297296
32768
-15207192
98304
-1338480
24576
1685970
8192
2042040
49152
-7579572
49152
-137592
8192
505050
8192
184800
65536
-673200
65536
0
196608
0
196608
0
8192
0
24576
96648
49152
-360360
16384
-360360
8192
2042040
8192
6486480
32768
-91243152
98304
-9369360
24576
13487760
8192
18378360
49152
-75795720
49152
-1513512
8192
6060600
8192
2402400
65536
-9424800
65536
0
196608
0
196608
0
8192
0
24576
0
49152
-360360
16384
-720720
8192
6126120
8192
25945920
32768
-456215760
98304
-56216160
24576
94414320
8192
147026880
49152
-682161480
49152
-15135120
8192
66666600
8192
28828800
65536
-122522400
65536
0
196608
0
196608
0
8192
0
24576
0
49152
0
16384
-720720
8192
12252240
8192
77837760
32768
-1824863040
98304
-281080800
24576
566485920
8192
1029188160
49152
-5457291840
49152
-136216080
8192
666666000
8192
317116800
65536
-1470268800
65536
0
196608
0
196608
0
8192
0
24576
0
49152
0
16384
0
8192
12252240
8192
155675520
32768
-5474589120
98304
-1124323200
24576
2832429600
8192
6175128960
49152
-38201042880
49152
-1089728640
8192
5999994000
8192
3171168000
65536
-16172956800
65536
0
196608
0
196608
0
8192
0
24576
0
49152
0
16384
0
8192
0
8192
155675520
32768
-10949178240
98304
-3372969600
24576
11329718400
8192
30875644800
49152
-229206257280
49152
-7628100480
8192
47999952000
8192
28540512000
65536
-161729568000
65536
0
196608
0
196608
0
8192
0
24576
0
49152
0
16384
0
8192
0
8192
0
32768
-10949178240
98304
-6745939200
24576
33989155200
8192
123502579200
49152
-1146031286400
49152
-45768602880
8192
335999664000
8192
228324096000
65536
-1455566112000
65536
299
491520
-97
98304
-49
12288
83
12288
281
24576
-2491
122880
-77
4096
143
4096
319
16384
-1859
49152
-803
61440
325
12288
137
24576
-287
24576
-17
12288
61
20480
5
32768
-11
32768
0
491520
-97
98304
-98
12288
249
12288
1124
24576
-12455
122880
-462
4096
1001
4096
2552
16384
-16731
49152
-8030
61440
3575
12288
1644
24576
-3731
24576
-238
12288
915
20480
80
32768
-187
32768
0
491520
0
98304
-98
12288
498
12288
3372
24576
-49820
122880
-2310
4096
6006
4096
17864
16384
-133848
49152
-72270
61440
35750
12288
18084
24576
-44772
24576
-3094
12288
12810
20480
1200
32768
-2992
32768
0
491520
0
98304
0
12288
498
12288
6744
24576
-149460
122880
-9240
4096
30030
4096
107184
16384
-936936
49152
-578160
61440
321750
12288
180840
24576
-492492
24576
-37128
12288
166530
20480
16800
32768
-44880
32768
0
491520
0
98304
0
12288
0
12288
6744
24576
-298920
122880
-27720
4096
120120
4096
535920
16384
-5621616
49152
-4047120
61440
2574000
12288
1627560
24576
-4924920
24576
-408408
12288
1998360
20480
218400
32768
-628320
32768
0
491520
0
98304
0
12288
0
12288
0
24576
-298920
122880
-55440
4096
360360
4096
2143680
16384
-28108080
49152
-24282720
61440
18018000
12288
13020480
24576
-44324280
24576
-4084080
12288
21981960
20480
2620800
32768
-8168160
32768
0
491520
0
98304
0
12288
0
12288
0
24576
0
122880
-55440
4096
720720
4096
6431040
16384
-112432320
49152
-121413600
61440
108108000
12288
91143360
24576
-354594240
24576
-36756720
12288
219819600
20480
28828800
32768
-98017920
32768
0
491520
0
98304
0
12288
0
12288
0
24576
0
122880
0
4096
720720
4096
12862080
16384
-337296960
49152
-485654400
61440
540540000
12288
546860160
24576
-2482159680
24576
-294053760
12288
1978376400
20480
288288000
32768
-1078197120
32768
0
491520
0
98304
0
12288
0
12288
0
24576
0
122880
0
4096
0
4096
12862080
16384
-674593920
49152
-1456963200
61440
2162160000
12288
2734300800
24576
-14892958080
24576
-2058376320
12288
15827011200
20480
2594592000
32768
-10781971200
32768
0
491520
0
98304
0
12288
0
12288
0
24576
0
122880
0
4096
0
4096
0
16384
-674593920
49152
-2913926400
61440
6486480000
12288
10937203200
24576
-74464790400
24576
-12350257920
12288
110789078400
20480
20756736000
32768
-97037740800
32768
67
1474560
-31
491520
-1
3072
17
36864
25
24576
-181
122880
-167
92160
11
4096
33
16384
-451
147456
-11
7680
137
61440
47
73728
-25
24576
-1
6144
49
184320
3
163840
-1
32768
0
1474560
-31
491520
-2
3072
51
36864
100
24576
-905
122880
-1002
92160
77
4096
264
16384
-4059
147456
-110
7680
1507
61440
564
73728
-325
24576
-14
6144
735
184320
48
163840
-17
32768
0
1474560
0
491520
-2
3072
102
36864
300
24576
-3620
122880
-5010
92160
462
4096
1848
16384
-32472
147456
-990
7680
15070
61440
6204
73728
-3900
24576
-182
6144
10290
184320
720
163840
-272
32768
0
1474560
0
491520
0
3072
102
36864
600
24576
-10860
122880
-20040
92160
2310
4096
11088
16384
-227304
147456
-7920
7680
135630
61440
62040
73728
-42900
24576
-2184
6144
133770
184320
10080
163840
-4080
32768
0
1474560
0
491520
0
3072
0
36864
600
24576
-21720
122880
-60120
92160
9240
4096
55440
16384
-1363824
147456
-55440
7680
1085040
61440
558360
73728
-429000
24576
-24024
6144
1605240
184320
131040
163840
-57120
32768
0
1474560
0
491520
0
3072
0
36864
0
24576
-21720
122880
-120240
92160
27720
4096
221760
16384
-6819120
147456
-332640
7680
7595280
61440
4466880
73728
-3861000
24576
-240240
6144
17657640
184320
1572480
163840
-742560
32768
0
1474560
0
491520
0
3072
0
36864
0
24576
0
122880
-120240
92160
55440
4096
665280
16384
-27276480
147456
-1663200
7680
45571680
61440
31268160
73728
-30888000
24576
-2162160
6144
176576400
184320
17297280
163840
-8910720
32768
0
1474560
0
491520
0
3072
0
36864
0
24576
0
122880
0
92160
55440
4096
1330560
16384
-81829440
147456
-6652800
7680
227858400
61440
187608960
73728
-216216000
24576
-17297280
6144
1589187600
184320
172972800
163840
-98017920
32768
0
1474560
0
491520
0
3072
0
36864
0
24576
0
122880
0
92160
0
4096
1330560
16384
-163658880
147456
-19958400
7680
911433600
61440
938044800
73728
-1297296000
24576
-121080960
6144
12713500800
184320
1556755200
163840
-980179200
32768
0
1474560
0
491520
0
3072
0
36864
0
24576
0
122880
0
92160
0
4096
0
16384
-163658880
147456
-39916800
7680
2734300800
61440
3752179200
73728
-6486480000
24576
-726485760
6144
88994505600
184320
12454041600
163840
-8821612800
32768
11
5160960
-13
5160960
-1
61440
5
258048
1
18432
-1
15360
-19
184320
23
184320
1
8192
-11
73728
-17
184320
7
61440
1
23040
-1
18432
-1
86016
19
1290240
1
737280
-1
573440
0
5160960
-13
5160960
-2
61440
15
258048
4
18432
-5
15360
-114
184320
161
184320
8
8192
-99
73728
-170
184320
77
61440
12
23040
-13
18432
-14
86016
285
1290240
16
737280
-17
573440
0
5160960
0
5160960
-2
61440
30
258048
12
18432
-20
15360
-570
184320
966
184320
56
8192
-792
73728
-1530
184320
770
61440
132
23040
-156
18432
-182
86016
3990
1290240
240
737280
-272
573440
0
5160960
0
5160960
0
61440
30
258048
24
18432
-60
15360
-2280
184320
4830
184320
336
8192
-5544
73728
-12240
184320
6930
61440
1320
23040
-1716
18432
-2184
86016
51870
1290240
3360
737280
-4080
573440
0
5160960
0
5160960
0
61440
0
258048
24
18432
-120
15360
-6840
184320
19320
184320
1680
8192
-33264
73728
-85680
184320
55440
61440
11880
23040
-17160
18432
-24024
86016
622440
1290240
43680
737280
-57120
573440
0
5160960
0
5160960
0
61440
0
258048
0
18432
-120
15360
-13680
184320
57960
184320
6720
8192
-166320
73728
-514080
184320
388080
61440
95040
23040
-154440
18432
-240240
86016
6846840
1290240
524160
737280
-742560
573440
0
5160960
0
5160960
0
61440
0
258048
0
18432
0
15360
-13680
184320
115920
184320
20160
8192
-665280
73728
-2570400
184320
2328480
61440
665280
23040
-1235520
18432
-2162160
86016
68468400
1290240
5765760
737280
-8910720
573440
0
5160960
0
5160960
0
61440
0
258048
0
18432
0
15360
0
184320
115920
184320
40320
8192
-1995840
73728
-10281600
184320
11642400
61440
3991680
23040
-8648640
18432
-17297280
86016
616215600
1290240
57657600
737280
-98017920
573440
0
5160960
0
5160960
0
61440
0
258048
0
18432
0
15360
0
184320
0
184320
40320
8192
-3991680
73728
-30844800
184320
46569600
61440
19958400
23040
-51891840
18432
-121080960
86016
4929724800
1290240
518918400
737280
-980179200
573440
0
5160960
0
5160960
0
61440
0
258048
0
18432
0
15360
0
184320
0
184320
0
8192
-3991680
73728
-61689600
184320
139708800
61440
79833600
23040
-259459200
18432
-726485760
86016
34508073600
1290240
4151347200
737280
-8821612800
573440
1
20643840
-1
20643840
-1
2580480
1
2580480
1
737280
-1
737280
-1
368640
1
368640
1
294912
-1
294912
-1
368640
1
368640
1
737280
-1
737280
-1
2580480
1
2580480
1
20643840
-1
20643840
0
20643840
-1
20643840
-2
2580480
3
2580480
4
737280
-5
737280
-6
368640
7
368640
8
294912
-9
294912
-10
368640
11
368640
12
737280
-13
737280
-14
2580480
15
2580480
16
20643840
-17
20643840
0
20643840
0
20643840
-2
2580480
6
2580480
12
737280
-20
737280
-30
368640
42
368640
56
294912
-72
294912
-90
368640
110
368640
132
737280
-156
737280
-182
2580480
210
2580480
240
20643840
-272
20643840
0
20643840
0
20643840
0
2580480
6
2580480
24
737280
-60
737280
-120
368640
210
368640
336
294912
-504
294912
-720
368640
990
368640
1320
737280
-1716
737280
-2184
2580480
2730
2580480
3360
20643840
-4080
20643840
0
20643840
0
20643840
0
2580480
0
2580480
24
737280
-120
737280
-360
368640
840
368640
1680
294912
-3024
294912
-5040
368640
7920
368640
11880
737280
-17160
737280
-24024
2580480
32760
2580480
43680
20643840
-57120
20643840
0
20643840
0
20643840
0
2580480
0
2580480
0
737280
-120
737280
-720
368640
2520
368640
6720
294912
-15120
294912
-30240
368640
55440
368640
95040
737280
-154440
737280
-240240
2580480
360360
2580480
524160
20643840
-742560
20643840
0
20643840
0
20643840
0
2580480
0
2580480
0
737280
0
737280
-720
368640
5040
368640
20160
294912
-60480
294912
-151200
368640
332640
368640
665280
737280
-1235520
737280
-2162160
2580480
3603600
2580480
5765760
20643840
-8910720
20643840
0
20643840
0
20643840
0
2580480
0
2580480
0
737280
0
737280
0
368640
5040
368640
40320
294912
-181440
294912
-604800
368640
1663200
368640
3991680
737280
-8648640
737280
-17297280
2580480
32432400
2580480
57657600
20643840
-98017920
20643840
0
20643840
0
20643840
0
2580480
0
2580480
0
737280
0
737280
0
368640
0
368640
40320
294912
-362880
294912
-1814400
368640
6652800
368640
19958400
737280
-51891840
737280
-121080960
2580480
259459200
2580480
518918400
20643840
-980179200
20643840
0
20643840
0
20643840
0
2580480
0
2580480
0
737280
0
737280
0
368640
0
368640
0
294912
-362880
294912
-3628800
368640
19958400
368640
79833600
737280
-259459200
737280
-726485760
2580480
1816214400
2580480
4151347200
20643840
-8821612800
20643840
1
2
109395
65536
0
1
-36465
8192
0
1
153153
16384
0
1
-109395
8192
0
1
425425
32768
0
1
-69615
8192
0
1
58905
16384
0
1
-7293
8192
0
1
6435
65536
0
2
109395
65536
0
1
-109395
8192
0
1
765765
16384
0
1
-765765
8192
0
1
3828825
32768
0
1
-765765
8192
0
1
765765
16384
0
1
-109395
8192
0
1
109395
65536
0
2
0
65536
0
1
-218790
8192
0
1
3063060
16384
0
1
-4594590
8192
0
1
30630600
32768
0
1
-7657650
8192
0
1
9189180
16384
0
1
-1531530
8192
0
1
1750320
65536
0
2
0
65536
0
1
-218790
8192
0
1
9189180
16384
0
1
-22972950
8192
0
1
214414200
32768
0
1
-68918850
8192
0
1
101080980
16384
0
1
-19909890
8192
0
1
26254800
65536
0
2
0
65536
0
1
0
8192
0
1
18378360
16384
0
1
-91891800
8192
0
1
1286485200
32768
0
1
-551350800
8192
0
1
1010809800
16384
0
1
-238918680
8192
0
1
367567200
65536
0
2
0
65536
0
1
0
8192
0
1
18378360
16384
0
1
-275675400
8192
0
1
6432426000
32768
0
1
-3859455600
8192
0
1
9097288200
16384
0
1
-2628105480
8192
0
1
4778373600
65536
0
2
0
65536
0
1
0
8192
0
1
0
16384
0
1
-551350800
8192
0
1
25729704000
32768
0
1
-23156733600
8192
0
1
72778305600
16384
0
1
-26281054800
8192
0
1
57340483200
65536
0
2
0
65536
0
1
0
8192
0
1
0
16384
0
1
-551350800
8192
0
1
77189112000
32768
0
1
-115783668000
8192
0
1
509448139200
16384
0
1
-236529493200
8192
0
1
630745315200
65536
0
2
0
65536
0
1
0
8192
0
1
0
16384
0
1
0
8192
0
1
154378224000
32768
0
1
-463134672000
8192
0
1
3056688835200
16384
0
1
-1892235945600
8192
0
1
6307453152000
65536
0
2
0
65536
0
1
0
8192
0
1
0
16384
0
1
0
8192
0
1
154378224000
32768
0
1
-1389404016000
8192
0
1
15283444176000
16384
0
1
-13245651619200
8192
0
1
56767078368000
65536
-26333
65536
-76627
65536
6435
8192
36465
8192
-15015
16384
-153153
16384
9009
8192
109395
8192
-32175
32768
-425425
32768
5005
8192
69615
8192
-4095
16384
-58905
16384
495
8192
7293
8192
-429
65536
-6435
65536
0
65536
-76627
65536
12870
8192
109395
8192
-60060
16384
-765765
16384
54054
8192
765765
8192
-257400
32768
-3828825
32768
50050
8192
765765
8192
-49140
16384
-765765
16384
6930
8192
109395
8192
-6864
65536
-109395
65536
0
65536
0
65536
12870
8192
218790
8192
-180180
16384
-3063060
16384
270270
8192
4594590
8192
-1801800
32768
-30630600
32768
450450
8192
7657650
8192
-540540
16384
-9189180
16384
90090
8192
1531530
8192
-102960
65536
-1750320
65536
0
65536
0
65536
0
8192
218790
8192
-360360
16384
-9189180
16384
1081080
8192
22972950
8192
-10810800
32768
-214414200
32768
3603600
8192
68918850
8192
-5405400
16384
-101080980
16384
1081080
8192
19909890
8192
-1441440
65536
-26254800
65536
0
65536
0
65536
0
8192
0
8192
-360360
16384
-18378360
16384
3243240
8192
91891800
8192
-54054000
32768
-1286485200
32768
25225200
8192
551350800
8192
-48648600
16384
-1010809800
16384
11891880
8192
238918680
8192
-18738720
65536
-367567200
65536
0
65536
0
65536
0
8192
0
8192
0
16384
-18378360
16384
6486480
8192
275675400
8192
-216216000
32768
-6432426000
32768
151351200
8192
3859455600
8192
-389188800
16384
-9097288200
16384
118918800
8192
2628105480
8192
-224864640
65536
-4778373600
65536
0
65536
0
65536
0
8192
0
8192
0
16384
0
16384
6486480
8192
551350800
8192
-648648000
32768
-25729704000
32768
756756000
8192
23156733600
8192
-2724321600
16384
-72778305600
16384
1070269200
8192
26281054800
8192
-2473511040
65536
-57340483200
65536
0
65536
0
65536
0
8192
0
8192
0
16384
0
16384
0
8192
551350800
8192
-1297296000
32768
-77189112000
32768
3027024000
8192
115783668000
8192
-16345929600
16384
-509448139200
16384
8562153600
8192
236529493200
8192
-24735110400
65536
-630745315200
65536
0
65536
0
65536
0
8192
0
8192
0
16384
0
16384
0
8192
0
8192
-1297296000
32768
-154378224000
32768
9081072000
8192
463134672000
8192
-81729648000
16384
-3056688835200
16384
59935075200
8192
1892235945600
8192
-222615993600
65536
-6307453152000
65536
0
65536
0
65536
0
8192
0
8192
0
16384
0
16384
0
8192
0
8192
0
32768
-154378224000
32768
18162144000
8192
1389404016000
8192
-326918592000
16384
-15283444176000
16384
359610451200
8192
13245651619200
8192
-1780927948800
65536
-56767078368000
65536
9949
65536
25147
65536
-4387
8192
-15015
8192
15015
16384
69069
16384
-9009
8192
-50193
8192
32175
32768
196625
32768
-5005
8192
-32305
8192
4095
16384
27405
16384
-495
8192
-3399
8192
429
65536
3003
65536
0
65536
25147
65536
-8774
8192
-45045
8192
60060
16384
345345
16384
-54054
8192
-351351
8192
257400
32768
1769625
32768
-50050
8192
-355355
8192
49140
16384
356265
16384
-6930
8192
-50985
8192
6864
65536
51051
65536
0
65536
0
65536
-8774
8192
-90090
8192
180180
16384
1381380
16384
-270270
8192
-2108106
8192
1801800
32768
14157000
32768
-450450
8192
-3553550
8192
540540
16384
4275180
16384
-90090
8192
-713790
8192
102960
65536
816816
65536
0
65536
0
65536
0
8192
-90090
8192
360360
16384
4144140
16384
-1081080
8192
-10540530
8192
10810800
32768
99099000
32768
-3603600
8192
-31981950
8192
5405400
16384
47026980
16384
-1081080
8192
-9279270
8192
1441440
65536
12252240
65536
0
65536
0
65536
0
8192
0
8192
360360
16384
8288280
16384
-3243240
8192
-42162120
8192
54054000
32768
594594000
32768
-25225200
8192
-255855600
8192
48648600
16384
470269800
16384
-11891880
8192
-111351240
8192
18738720
65536
171531360
65536
0
65536
0
65536
0
8192
0
8192
0
16384
8288280
16384
-6486480
8192
-126486360
8192
216216000
32768
2972970000
32768
-151351200
8192
-1790989200
8192
389188800
16384
4232428200
16384
-118918800
8192
-1224863640
8192
224864640
65536
2229907680
65536
0
65536
0
65536
0
8192
0
8192
0
16384
0
16384
-6486480
8192
-252972720
8192
648648000
32768
11891880000
32768
-756756000
8192
-10745935200
8192
2724321600
16384
33859425600
16384
-1070269200
8192
-12248636400
8192
2473511040
65536
26758892160
65536
0
65536
0
65536
0
8192
0
8192
0
16384
0
16384
0
8192
-252972720
8192
1297296000
32768
35675640000
32768
-3027024000
8192
-53729676000
8192
16345929600
16384
237015979200
16384
-8562153600
8192
-110237727600
8192
24735110400
65536
294347813760
65536
0
65536
0
65536
0
8192
0
8192
0
16384
0
16384
0
8192
0
8192
1297296000
32768
71351280000
32768
-9081072000
8192
-214918704000
8192
81729648000
16384
1422095875200
16384
-59935075200
8192
-881901820800
8192
222615993600
65536
2943478137600
65536
0
65536
0
65536
0
8192
0
8192
0
16384
0
16384
0
8192
0
8192
0
32768
71351280000
32768
-18162144000
8192
-644756112000
8192
326918592000
16384
7110479376000
16384
-359610451200
8192
-6173312745600
8192
1780927948800
65536
26491303238400
65536
-3473
98304
-2533
32768
173
1024
2657
6144
-3003
8192
-9009
8192
1001
2048
429
256
-7293
16384
-82225
49152
143
512
2275
2048
-2821
24576
-3885
8192
57
2048
121
1024
-99
32768
-429
32768
0
98304
-2533
32768
346
1024
7971
6144
-12012
8192
-45045
8192
6006
2048
3003
256
-58344
16384
-740025
49152
1430
512
25025
2048
-33852
24576
-50505
8192
798
2048
1815
1024
-1584
32768
-7293
32768
0
98304
0
32768
346
1024
15942
6144
-36036
8192
-180180
8192
30030
2048
18018
256
-408408
16384
-5920200
49152
12870
512
250250
2048
-372372
24576
-606060
8192
10374
2048
25410
1024
-23760
32768
-116688
32768
0
98304
0
32768
0
1024
15942
6144
-72072
8192
-540540
8192
120120
2048
90090
256
-2450448
16384
-41441400
49152
102960
512
2252250
2048
-3723720
24576
-6666660
8192
124488
2048
330330
1024
-332640
32768
-1750320
32768
0
98304
0
32768
0
1024
0
6144
-72072
8192
-1081080
8192
360360
2048
360360
256
-12252240
16384
-248648400
49152
720720
512
18018000
2048
-33513480
24576
-66666600
8192
1369368
2048
3963960
1024
-4324320
32768
-24504480
32768
0
98304
0
32768
0
1024
0
6144
0
8192
-1081080
8192
720720
2048
1081080
256
-49008960
16384
-1243242000
49152
4324320
512
126126000
2048
-268107840
24576
-599999400
8192
13693680
2048
43603560
1024
-51891840
32768
-318558240
32768
0
98304
0
32768
0
1024
0
6144
0
8192
0
8192
720720
2048
2162160
256
-147026880
16384
-4972968000
49152
21621600
512
756756000
2048
-1876754880
24576
-4799995200
8192
123243120
2048
436035600
1024
-570810240
32768
-3822698880
32768
0
98304
0
32768
0
1024
0
6144
0
8192
0
8192
0
2048
2162160
256
-294053760
16384
-14918904000
49152
86486400
512
3783780000
2048
-11260529280
24576
-33599966400
8192
985944960
2048
3924320400
1024
-5708102400
32768
-42049687680
32768
0
98304
0
32768
0
1024
0
6144
0
8192
0
8192
0
2048
0
256
-294053760
16384
-29837808000
49152
259459200
512
15135120000
2048
-56302646400
24576
-201599798400
8192
6901614720
2048
31394563200
1024
-51372921600
32768
-420496876800
32768
0
98304
0
32768
0
1024
0
6144
0
8192
0
8192
0
2048
0
256
0
16384
-29837808000
49152
518918400
512
45405360000
2048
-225210585600
24576
-1007998992000
8192
41409688320
2048
219761942400
1024
-410983372800
32768
-3784471891200
32768
1093
196608
2063
196608
-263
8192
-1619
24576
4027
49152
3003
16384
-1001
8192
-2431
8192
3861
32768
30173
98304
-1859
24576
-1703
8192
1547
49152
4417
49152
-63
8192
-185
8192
55
65536
165
65536
0
196608
2063
196608
-526
8192
-4857
24576
16108
49152
15015
16384
-6006
8192
-17017
8192
30888
32768
271557
98304
-18590
24576
-18733
8192
18564
49152
57421
49152
-882
8192
-2775
8192
880
65536
2805
65536
0
196608
0
196608
-526
8192
-9714
24576
48324
49152
60060
16384
-30030
8192
-102102
8192
216216
32768
2172456
98304
-167310
24576
-187330
8192
204204
49152
689052
49152
-11466
8192
-38850
8192
13200
65536
44880
65536
0
196608
0
196608
0
8192
-9714
24576
96648
49152
180180
16384
-120120
8192
-510510
8192
1297296
32768
15207192
98304
-1338480
24576
-1685970
8192
2042040
49152
7579572
49152
-137592
8192
-505050
8192
184800
65536
673200
65536
0
196608
0
196608
0
8192
0
24576
96648
49152
360360
16384
-360360
8192
-2042040
8192
6486480
32768
91243152
98304
-9369360
24576
-13487760
8192
18378360
49152
75795720
49152
-1513512
8192
-6060600
8192
2402400
65536
9424800
65536
0
196608
0
196608
0
8192
0
24576
0
49152
360360
16384
-720720
8192
-6126120
8192
25945920
32768
456215760
98304
-56216160
24576
-94414320
8192
147026880
49152
682161480
49152
-15135120
8192
-66666600
8192
28828800
65536
122522400
65536
0
196608
0
196608
0
8192
0
24576
0
49152
0
16384
-720720
8192
-12252240
8192
77837760
32768
1824863040
98304
-281080800
24576
-566485920
8192
1029188160
49152
5457291840
49152
-136216080
8192
-666666000
8192
317116800
65536
1470268800
65536
0
196608
0
196608
0
8192
0
24576
0
49152
0
16384
0
8192
-12252240
8192
155675520
32768
5474589120
98304
-1124323200
24576
-2832429600
8192
6175128960
49152
38201042880
49152
-1089728640
8192
-5999994000
8192
3171168000
65536
16172956800
65536
0
196608
0
196608
0
8192
0
24576
0
49152
0
16384
0
8192
0
8192
155675520
32768
10949178240
98304
-3372969600
24576
-11329718400
8192
30875644800
49152
229206257280
49152
-7628100480
8192
-47999952000
8192
28540512000
65536
161729568000
65536
0
196608
0
196608
0
8192
0
24576
0
49152
0
16384
0
8192
0
8192
0
32768
10949178240
98304
-6745939200
24576
-33989155200
8192
123502579200
49152
1146031286400
49152
-45768602880
8192
-335999664000
8192
228324096000
65536
1455566112000
65536
-299
491520
-97
98304
49
12288
83
12288
-281
24576
-2491
122880
77
4096
143
4096
-319
16384
-1859
49152
803
61440
325
12288
-137
24576
-287
24576
17
12288
61
20480
-5
32768
-11
32768
0
491520
-97
98304
98
12288
249
12288
-1124
24576
-12455
122880
462
4096
1001
4096
-2552
16384
-16731
49152
8030
61440
3575
12288
-1644
24576
-3731
24576
238
12288
915
20480
-80
32768
-187
32768
0
491520
0
98304
98
12288
498
12288
-3372
24576
-49820
122880
2310
4096
6006
4096
-17864
16384
-133848
49152
72270
61440
35750
12288
-18084
24576
-44772
24576
3094
12288
12810
20480
-1200
32768
-2992
32768
0
491520
0
98304
0
12288
498
12288
-6744
24576
-149460
122880
9240
4096
30030
4096
-107184
16384
-936936
49152
578160
61440
321750
12288
-180840
24576
-492492
24576
37128
12288
166530
20480
-16800
32768
-44880
32768
0
491520
0
98304
0
12288
0
12288
-6744
24576
-298920
122880
27720
4096
120120
4096
-535920
16384
-5621616
49152
4047120
61440
2574000
12288
-1627560
24576
-4924920
24576
408408
12288
1998360
20480
-218400
32768
-628320
32768
0
491520
0
98304
0
12288
0
12288
0
24576
-298920
122880
55440
4096
360360
4096
-2143680
16384
-28108080
49152
24282720
61440
18018000
12288
-13020480
24576
-44324280
24576
4084080
12288
21981960
20480
-2620800
32768
-8168160
32768
0
491520
0
98304
0
12288
0
12288
0
24576
0
122880
55440
4096
720720
4096
-6431040
16384
-112432320
49152
121413600
61440
108108000
12288
-91143360
24576
-354594240
24576
36756720
12288
219819600
20480
-28828800
32768
-98017920
32768
0
491520
0
98304
0
12288
0
12288
0
24576
0
122880
0
4096
720720
4096
-12862080
16384
-337296960
49152
485654400
61440
540540000
12288
-546860160
24576
-2482159680
24576
294053760
12288
1978376400
20480
-288288000
32768
-1078197120
32768
0
491520
0
98304
0
12288
0
12288
0
24576
0
122880
0
4096
0
4096
-12862080
16384
-674593920
49152
1456963200
61440
2162160000
12288
-2734300800
24576
-14892958080
24576
2058376320
12288
15827011200
20480
-2594592000
32768
-10781971200
32768
0
491520
0
98304
0
12288
0
12288
0
24576
0
122880
0
4096
0
4096
0
16384
-674593920
49152
2913926400
61440
6486480000
12288
-10937203200
24576
-74464790400
24576
12350257920
12288
110789078400
20480
-20756736000
32768
-97037740800
32768
67
1474560
31
491520
-1
3072
-17
36864
25
24576
181
122880
-167
92160
-11
4096
33
16384
451
147456
-11
7680
-137
61440
47
73728
25
24576
-1
6144
-49
184320
3
163840
1
32768
0
1474560
31
491520
-2
3072
-51
36864
100
24576
905
122880
-1002
92160
-77
4096
264
16384
4059
147456
-110
7680
-1507
61440
564
73728
325
24576
-14
6144
-735
184320
48
163840
17
32768
0
1474560
0
491520
-2
3072
-102
36864
300
24576
3620
122880
-5010
92160
-462
4096
1848
16384
32472
147456
-990
7680
-15070
61440
6204
73728
3900
24576
-182
6144
-10290
184320
720
163840
272
32768
0
1474560
0
491520
0
3072
-102
36864
600
24576
10860
122880
-20040
92160
-2310
4096
11088
16384
227304
147456
-7920
7680
-135630
61440
62040
73728
42900
24576
-2184
6144
-133770
184320
10080
163840
4080
32768
0
1474560
0
491520
0
3072
0
36864
600
24576
21720
122880
-60120
92160
-9240
4096
55440
16384
1363824
147456
-55440
7680
-1085040
61440
558360
73728
429000
24576
-24024
6144
-1605240
184320
131040
163840
57120
32768
0
1474560
0
491520
0
3072
0
36864
0
24576
21720
122880
-120240
92160
-27720
4096
221760
16384
6819120
147456
-332640
7680
-7595280
61440
4466880
73728
3861000
24576
-240240
6144
-17657640
184320
1572480
163840
742560
32768
0
1474560
0
491520
0
3072
0
36864
0
24576
0
122880
-120240
92160
-55440
4096
665280
16384
27276480
147456
-1663200
7680
-45571680
61440
31268160
73728
30888000
24576
-2162160
6144
-176576400
184320
17297280
163840
8910720
32768
0
1474560
0
491520
0
3072
0
36864
0
24576
0
122880
0
92160
-55440
4096
1330560
16384
81829440
147456
-6652800
7680
-227858400
61440
187608960
73728
216216000
24576
-17297280
6144
-1589187600
184320
172972800
163840
98017920
32768
0
1474560
0
491520
0
3072
0
36864
0
24576
0
122880
0
92160
0
4096
1330560
16384
163658880
147456
-19958400
7680
-911433600
61440
938044800
73728
1297296000
24576
-121080960
6144
-12713500800
184320
1556755200
163840
980179200
32768
0
1474560
0
491520
0
3072
0
36864
0
24576
0
122880
0
92160
0
4096
0
16384
163658880
147456
-39916800
7680
-2734300800
61440
3752179200
73728
6486480000
24576
-726485760
6144
-88994505600
184320
12454041600
163840
8821612800
32768
-11
5160960
-13
5160960
1
61440
5
258048
-1
18432
-1
15360
19
184320
23
184320
-1
8192
-11
73728
17
184320
7
61440
-1
23040
-1
18432
1
86016
19
1290240
-1
737280
-1
573440
0
5160960
-13
5160960
2
61440
15
258048
-4
18432
-5
15360
114
184320
161
184320
-8
8192
-99
73728
170
184320
77
61440
-12
23040
-13
18432
14
86016
285
1290240
-16
737280
-17
573440
0
5160960
0
5160960
2
61440
30
258048
-12
18432
-20
15360
570
184320
966
184320
-56
8192
-792
73728
1530
184320
770
61440
-132
23040
-156
18432
182
86016
3990
1290240
-240
737280
-272
573440
0
5160960
0
5160960
0
61440
30
258048
-24
18432
-60
15360
2280
184320
4830
184320
-336
8192
-5544
73728
12240
184320
6930
61440
-1320
23040
-1716
18432
2184
86016
51870
1290240
-3360
737280
-4080
573440
0
5160960
0
5160960
0
61440
0
258048
-24
18432
-120
15360
6840
184320
19320
184320
-1680
8192
-33264
73728
85680
184320
55440
61440
-11880
23040
-17160
18432
24024
86016
622440
1290240
-43680
737280
-57120
573440
0
5160960
0
5160960
0
61440
0
258048
0
18432
-120
15360
13680
184320
57960
184320
-6720
8192
-166320
73728
514080
184320
388080
61440
-95040
23040
-154440
18432
240240
86016
6846840
1290240
-524160
737280
-742560
573440
0
5160960
0
5160960
0
61440
0
258048
0
18432
0
15360
13680
184320
115920
184320
-20160
8192
-665280
73728
2570400
184320
2328480
61440
-665280
23040
-1235520
18432
2162160
86016
68468400
1290240
-5765760
737280
-8910720
573440
0
5160960
0
5160960
0
61440
0
258048
0
18432
0
15360
0
184320
115920
184320
-40320
8192
-1995840
73728
10281600
184320
11642400
61440
-3991680
23040
-8648640
18432
17297280
86016
616215600
1290240
-57657600
737280
-98017920
573440
0
5160960
0
5160960
0
61440
0
258048
0
18432
0
15360
0
184320
0
184320
-40320
8192
-3991680
73728
30844800
184320
46569600
61440
-19958400
23040
-51891840
18432
121080960
86016
4929724800
1290240
-518918400
737280
-980179200
573440
0
5160960
0
5160960
0
61440
0
258048
0
18432
0
15360
0
184320
0
184320
0
8192
-3991680
73728
61689600
184320
139708800
61440
-79833600
23040
-259459200
18432
726485760
86016
34508073600
1290240
-4151347200
737280
-8821612800
573440
1
20643840
1
20643840
-1
2580480
-1
2580480
1
737280
1
737280
-1
368640
-1
368640
1
294912
1
294912
-1
368640
-1
368640
1
737280
1
737280
-1
2580480
-1
2580480
1
20643840
1
20643840
0
20643840
1
20643840
-2
2580480
-3
2580480
4
737280
5
737280
-6
368640
-7
368640
8
294912
9
294912
-10
368640
-11
368640
12
737280
13
737280
-14
2580480
-15
2580480
16
20643840
17
20643840
0
20643840
0
20643840
-2
2580480
-6
2580480
12
737280
20
737280
-30
368640
-42
368640
56
294912
72
294912
-90
368640
-110
368640
132
737280
156
737280
-182
2580480
-210
2580480
240
20643840
272
20643840
0
20643840
0
20643840
0
2580480
-6
2580480
24
737280
60
737280
-120
368640
-210
368640
336
294912
504
294912
-720
368640
-990
368640
1320
737280
1716
737280
-2184
2580480
-2730
2580480
3360
20643840
4080
20643840
0
20643840
0
20643840
0
2580480
0
2580480
24
737280
120
737280
-360
368640
-840
368640
1680
294912
3024
294912
-5040
368640
-7920
368640
11880
737280
17160
737280
-24024
2580480
-32760
2580480
43680
20643840
57120
20643840
0
20643840
0
20643840
0
2580480
0
2580480
0
737280
120
737280
-720
368640
-2520
368640
6720
294912
15120
294912
-30240
368640
-55440
368640
95040
737280
154440
737280
-240240
2580480
-360360
2580480
524160
20643840
742560
20643840
0
20643840
0
20643840
0
2580480
0
2580480
0
737280
0
737280
-720
368640
-5040
368640
20160
294912
60480
294912
-151200
368640
-332640
368640
665280
737280
1235520
737280
-2162160
2580480
-3603600
2580480
5765760
20643840
8910720
20643840
0
20643840
0
20643840
0
2580480
0
2580480
0
737280
0
737280
0
368640
-5040
368640
40320
294912
181440
294912
-604800
368640
-1663200
368640
3991680
737280
8648640
737280
-17297280
2580480
-32432400
2580480
57657600
20643840
98017920
20643840
0
20643840
0
20643840
0
2580480
0
2580480
0
737280
0
737280
0
368640
0
368640
40320
294912
362880
294912
-1814400
368640
-6652800
368640
19958400
737280
51891840
737280
-121080960
2580480
-259459200
2580480
518918400
20643840
980179200
20643840
0
20643840
0
20643840
0
2580480
0
2580480
0
737280
0
737280
0
368640
0
368640
0
294912
362880
294912
-3628800
368640
-19958400
368640
79833600
737280
259459200
737280
-726485760
2580480
-1816214400
2580480
4151347200
20643840
8821612800
20643840
