1
2
-230945
131072
0
1
692835
131072
0
1
-415701
32768
0
1
692835
32768
0
1
-1616615
65536
0
1
1322685
65536
0
1
-373065
32768
0
1
138567
32768
0
1
-122265
131072
0
1
12155
131072
0
2
-230945
131072
0
1
2078505
131072
0
1
-2078505
32768
0
1
4849845
32768
0
1
-14549535
65536
0
1
14549535
65536
0
1
-4849845
32768
0
1
2078505
32768
0
1
-2078505
131072
0
1
230945
131072
0
2
0
131072
0
1
4157010
131072
0
1
-8314020
32768
0
1
29099070
32768
0
1
-116396280
65536
0
1
145495350
65536
0
1
-58198140
32768
0
1
29099070
32768
0
1
-33256080
131072
0
1
4157010
131072
0
2
0
131072
0
1
4157010
131072
0
1
-24942060
32768
0
1
145495350
32768
0
1
-814773960
65536
0
1
1309458150
65536
0
1
-640179540
32768
0
1
378287910
32768
0
1
-498841200
131072
0
1
70669170
131072
0
2
0
131072
0
1
0
131072
0
1
-49884120
32768
0
1
581981400
32768
0
1
-4888643760
65536
0
1
10475665200
65536
0
1
-6401795400
32768
0
1
4539454920
32768
0
1
-6983776800
131072
0
1
1130706720
131072
0
2
0
131072
0
1
0
131072
0
1
-49884120
32768
0
1
1745944200
32768
0
1
-24443218800
65536
0
1
73329656400
65536
0
1
-57616158600
32768
0
1
49934004120
32768
0
1
-90789098400
131072
0
1
16960600800
131072
0
2
0
131072
0
1
0
131072
0
1
0
32768
0
1
3491888400
32768
0
1
-97772875200
65536
0
1
439977938400
65536
0
1
-460929268800
32768
0
1
499340041200
32768
0
1
-1089469180800
131072
0
1
237448411200
131072
0
2
0
131072
0
1
0
131072
0
1
0
32768
0
1
3491888400
32768
0
1
-293318625600
65536
0
1
2199889692000
65536
0
1
-3226504881600
32768
0
1
4494060370800
32768
0
1
-11984160988800
131072
0
1
3086829345600
131072
0
2
0
131072
0
1
0
131072
0
1
0
32768
0
1
0
32768
0
1
-586637251200
65536
0
1
8799558768000
65536
0
1
-19359029289600
32768
0
1
35952482966400
32768
0
1
-119841609888000
131072
0
1
37041952147200
131072
0
2
0
131072
0
1
0
131072
0
1
0
32768
0
1
0
32768
0
1
-586637251200
65536
0
1
26398676304000
65536
0
1
-96795146448000
32768
0
1
251667380764800
32768
0
1
-1078574488992000
131072
0
1
407461473619200
131072
0
2
0
131072
0
1
0
131072
0
1
0
32768
0
1
0
32768
0
1
0
65536
0
1
52797352608000
65536
0
1
-387180585792000
32768
0
1
1510004284588800
32768
0
1
-8628595911936000
131072
0
1
4074614736192000
131072
53381
131072
-165409
131072
-109395
131072
692835
131072
36465
32768
-415701
32768
-51051
32768
692835
32768
109395
65536
-1616615
65536
-85085
65536
1322685
65536
23205
32768
-373065
32768
-8415
32768
138567
32768
7293
131072
-122265
131072
-715
131072
12155
131072
0
131072
-165409
131072
-218790
131072
2078505
131072
145860
32768
-2078505
32768
-306306
32768
4849845
32768
875160
65536
-14549535
65536
-850850
65536
14549535
65536
278460
32768
-4849845
32768
-117810
32768
2078505
32768
116688
131072
-2078505
131072
-12870
131072
230945
131072
0
131072
0
131072
-218790
131072
4157010
131072
437580
32768
-8314020
32768
-1531530
32768
29099070
32768
6126120
65536
-116396280
65536
-7657650
65536
145495350
65536
3063060
32768
-58198140
32768
-1531530
32768
29099070
32768
1750320
131072
-33256080
131072
-218790
131072
4157010
131072
0
131072
0
131072
0
131072
4157010
131072
875160
32768
-24942060
32768
-6126120
32768
145495350
32768
36756720
65536
-814773960
65536
-61261200
65536
1309458150
65536
30630600
32768
-640179540
32768
-18378360
32768
378287910
32768
24504480
131072
-498841200
131072
-3500640
131072
70669170
131072
0
131072
0
131072
0
131072
0
131072
875160
32768
-49884120
32768
-18378360
32768
581981400
32768
183783600
65536
-4888643760
65536
-428828400
65536
10475665200
65536
275675400
32768
-6401795400
32768
-202161960
32768
4539454920
32768
318558240
131072
-6983776800
131072
-52509600
131072
1130706720
131072
0
131072
0
131072
0
131072
0
131072
0
32768
-49884120
32768
-36756720
32768
1745944200
32768
735134400
65536
-24443218800
65536
-2572970400
65536
73329656400
65536
2205403200
32768
-57616158600
32768
-2021619600
32768
49934004120
32768
3822698880
131072
-90789098400
131072
-735134400
131072
16960600800
131072
0
131072
0
131072
0
131072
0
131072
0
32768
0
32768
-36756720
32768
3491888400
32768
2205403200
65536
-97772875200
65536
-12864852000
65536
439977938400
65536
15437822400
32768
-460929268800
32768
-18194576400
32768
499340041200
32768
42049687680
131072
-1089469180800
131072
-9556747200
131072
237448411200
131072
0
131072
0
131072
0
131072
0
131072
0
32768
0
32768
0
32768
3491888400
32768
4410806400
65536
-293318625600
65536
-51459408000
65536
2199889692000
65536
92626934400
32768
-3226504881600
32768
-145556611200
32768
4494060370800
32768
420496876800
131072
-11984160988800
131072
-114680966400
131072
3086829345600
131072
0
131072
0
131072
0
131072
0
131072
0
32768
0
32768
0
32768
0
32768
4410806400
65536
-586637251200
65536
-154378224000
65536
8799558768000
65536
463134672000
32768
-19359029289600
32768
-1018896278400
32768
35952482966400
32768
3784471891200
131072
-119841609888000
131072
-1261490630400
131072
37041952147200
131072
0
131072
0
131072
0
131072
0
131072
0
32768
0
32768
0
32768
0
32768
0
65536
-586637251200
65536
-308756448000
65536
26398676304000
65536
1852538688000
32768
-96795146448000
32768
-6113377670400
32768
251667380764800
32768
30275775129600
131072
-1078574488992000
131072
-12614906304000
131072
407461473619200
131072
0
131072
0
131072
0
131072
0
131072
0
32768
0
32768
0
32768
0
32768
0
65536
0
65536
-308756448000
65536
52797352608000
65536
5557616064000
32768
-387180585792000
32768
-30566888352000
32768
1510004284588800
32768
211930425907200
131072
-8628595911936000
131072
-113534156736000
131072
4074614736192000
131072
20613
131072
-28007
65536
-76627
131072
36465
16384
36465
32768
-94809
16384
-51051
32768
80223
8192
109395
65536
-376805
32768
-85085
65536
38675
4096
23205
32768
-87465
16384
-8415
32768
16269
8192
7293
131072
-28743
65536
-715
131072
715
16384
0
131072
-28007
65536
-153254
131072
109395
16384
145860
32768
-474045
16384
-306306
32768
561561
8192
875160
65536
-3391245
32768
-850850
65536
425425
4096
278460
32768
-1137045
16384
-117810
32768
244035
8192
116688
131072
-488631
65536
-12870
131072
13585
16384
0
131072
0
65536
-153254
131072
218790
16384
437580
32768
-1896180
16384
-1531530
32768
3369366
8192
6126120
65536
-27129960
32768
-7657650
65536
4254250
4096
3063060
32768
-13644540
16384
-1531530
32768
3416490
8192
1750320
131072
-7818096
65536
-218790
131072
244530
16384
0
131072
0
65536
0
131072
218790
16384
875160
32768
-5688540
16384
-6126120
32768
16846830
8192
36756720
65536
-189909720
32768
-61261200
65536
38288250
4096
30630600
32768
-150089940
16384
-18378360
32768
44414370
8192
24504480
131072
-117271440
65536
-3500640
131072
4157010
16384
0
131072
0
65536
0
131072
0
16384
875160
32768
-11377080
16384
-18378360
32768
67387320
8192
183783600
65536
-1139458320
32768
-428828400
65536
306306000
4096
275675400
32768
-1500899400
16384
-202161960
32768
532972440
8192
318558240
131072
-1641800160
65536
-52509600
131072
66512160
16384
0
131072
0
65536
0
131072
0
16384
0
32768
-11377080
16384
-36756720
32768
202161960
8192
735134400
65536
-5697291600
32768
-2572970400
65536
2144142000
4096
2205403200
32768
-13508094600
16384
-2021619600
32768
5862696840
8192
3822698880
131072
-21343402080
65536
-735134400
131072
997682400
16384
0
131072
0
65536
0
131072
0
16384
0
32768
0
16384
-36756720
32768
404323920
8192
2205403200
65536
-22789166400
32768
-12864852000
65536
12864852000
4096
15437822400
32768
-108064756800
16384
-18194576400
32768
58626968400
8192
42049687680
131072
-256120824960
65536
-9556747200
131072
13967553600
16384
0
131072
0
65536
0
131072
0
16384
0
32768
0
16384
0
32768
404323920
8192
4410806400
65536
-68367499200
32768
-51459408000
65536
64324260000
4096
92626934400
32768
-756453297600
16384
-145556611200
32768
527642715600
8192
420496876800
131072
-2817329074560
65536
-114680966400
131072
181578196800
16384
0
131072
0
65536
0
131072
0
16384
0
32768
0
16384
0
32768
0
8192
4410806400
65536
-136734998400
32768
-154378224000
65536
257297040000
4096
463134672000
32768
-4538719785600
16384
-1018896278400
32768
4221141724800
8192
3784471891200
131072
-28173290745600
65536
-1261490630400
131072
2178938361600
16384
0
131072
0
65536
0
131072
0
16384
0
32768
0
16384
0
32768
0
8192
0
65536
-136734998400
32768
-308756448000
65536
771891120000
4096
1852538688000
32768
-22693598928000
16384
-6113377670400
32768
29547992073600
8192
30275775129600
131072
-253559616710400
65536
-12614906304000
131072
23968321977600
16384
0
131072
0
65536
0
131072
0
16384
0
32768
0
16384
0
32768
0
8192
0
65536
0
32768
-308756448000
65536
1543782240000
4096
5557616064000
32768
-90774395712000
16384
-30566888352000
32768
177287952441600
8192
211930425907200
131072
-2028476933683200
65536
-113534156736000
131072
239683219776000
16384
14893
393216
-35401
393216
-25147
131072
215093
393216
15015
32768
-51051
32768
-23023
32768
89947
32768
50193
65536
-644215
196608
-39325
65536
177905
65536
32305
98304
-50575
32768
-3915
32768
18887
32768
3399
131072
-16731
131072
-1001
393216
5005
393216
0
393216
-35401
393216
-50294
131072
645279
393216
60060
32768
-255255
32768
-138138
32768
629629
32768
401544
65536
-5797935
196608
-393250
65536
1956955
65536
387660
98304
-657475
32768
-54810
32768
283305
32768
54384
131072
-284427
131072
-18018
393216
95095
393216
0
393216
0
393216
-50294
131072
1290558
393216
180180
32768
-1021020
32768
-690690
32768
3777774
32768
2810808
65536
-46383480
196608
-3539250
65536
19569550
65536
4264260
98304
-7889700
32768
-712530
32768
3966270
32768
815760
131072
-4550832
131072
-306306
393216
1711710
393216
0
393216
0
393216
0
131072
1290558
393216
360360
32768
-3063060
32768
-2762760
32768
18888870
32768
16864848
65536
-324684360
196608
-28314000
65536
176125950
65536
42642600
98304
-86786700
32768
-8550360
32768
51561510
32768
11420640
131072
-68262480
131072
-4900896
393216
29099070
393216
0
393216
0
393216
0
131072
0
393216
360360
32768
-6126120
32768
-8288280
32768
75555480
32768
84324240
65536
-1948106160
196608
-198198000
65536
1409007600
65536
383783400
98304
-867867000
32768
-94053960
32768
618738120
32768
148468320
131072
-955674720
131072
-73513440
393216
465585120
393216
0
393216
0
393216
0
131072
0
393216
0
32768
-6126120
32768
-16576560
32768
226666440
32768
337296960
65536
-9740530800
196608
-1189188000
65536
9863053200
65536
3070267200
98304
-7810803000
32768
-940539600
32768
6806119320
32768
1781619840
131072
-12423771360
131072
-1029188160
393216
6983776800
393216
0
393216
0
393216
0
131072
0
393216
0
32768
0
32768
-16576560
32768
453332880
32768
1011890880
65536
-38962123200
196608
-5945940000
65536
59178319200
65536
21491870400
98304
-62486424000
32768
-8464856400
32768
68061193200
32768
19597818240
131072
-149085256320
131072
-13379446080
393216
97772875200
393216
0
393216
0
393216
0
131072
0
393216
0
32768
0
32768
0
32768
453332880
32768
2023781760
65536
-116886369600
196608
-23783760000
65536
295891596000
65536
128951222400
98304
-437404968000
32768
-67718851200
32768
612550738800
32768
195978182400
131072
-1639937819520
131072
-160553352960
393216
1271047377600
393216
0
393216
0
393216
0
131072
0
393216
0
32768
0
32768
0
32768
0
32768
2023781760
65536
-233772739200
196608
-71351280000
65536
1183566384000
65536
644756112000
98304
-2624429808000
32768
-474031958400
32768
4900405910400
32768
1763803641600
131072
-16399378195200
131072
-1766086882560
393216
15252568531200
393216
0
393216
0
393216
0
131072
0
393216
0
32768
0
32768
0
32768
0
32768
0
65536
-233772739200
196608
-142702560000
65536
3550699152000
65536
2579024448000
98304
-13122149040000
32768
-2844191750400
32768
34302841372800
32768
14110429132800
131072
-147594403756800
131072
-17660868825600
393216
167778253843200
393216
0
393216
0
393216
0
131072
0
393216
0
32768
0
32768
0
32768
0
32768
0
65536
0
196608
-142702560000
65536
7101398304000
65536
7737073344000
98304
-52488596160000
32768
-14220958752000
32768
205817048236800
32768
98773003929600
131072
-1180755230054400
131072
-158947819430400
393216
1677782538432000
393216
103
16384
-1709
131072
-2533
65536
34913
393216
2657
24576
-9009
32768
-3003
16384
16731
32768
429
2048
-123409
196608
-16445
98304
34645
65536
2275
24576
-29855
98304
-555
16384
3743
32768
121
16384
-3333
131072
-143
196608
1001
393216
0
16384
-1709
131072
-5066
65536
104739
393216
10628
24576
-45045
32768
-18018
16384
117117
32768
3432
2048
-1110681
196608
-164450
98304
381095
65536
27300
24576
-388115
98304
-7770
16384
56145
32768
1936
16384
-56661
131072
-2574
196608
19019
393216
0
16384
0
131072
-5066
65536
209478
393216
31884
24576
-180180
32768
-90090
16384
702702
32768
24024
2048
-8885448
196608
-1480050
98304
3810950
65536
300300
24576
-4657380
98304
-101010
16384
786030
32768
29040
16384
-906576
131072
-43758
196608
342342
393216
0
16384
0
131072
0
65536
209478
393216
63768
24576
-540540
32768
-360360
16384
3513510
32768
144144
2048
-62198136
196608
-11840400
98304
34298550
65536
3003000
24576
-51231180
98304
-1212120
16384
10218390
32768
406560
16384
-13598640
131072
-700128
196608
5819814
393216
0
16384
0
131072
0
65536
0
393216
63768
24576
-1081080
32768
-1081080
16384
14054040
32768
720720
2048
-373188816
196608
-82882800
98304
274388400
65536
27027000
24576
-512311800
98304
-13333320
16384
122620680
32768
5285280
16384
-190380960
131072
-10501920
196608
93117024
393216
0
16384
0
131072
0
65536
0
393216
0
24576
-1081080
32768
-2162160
16384
42162120
32768
2882880
2048
-1865944080
196608
-497296800
98304
1920718800
65536
216216000
24576
-4610806200
98304
-133333200
16384
1348827480
32768
63423360
16384
-2474952480
131072
-147026880
196608
1396755360
393216
0
16384
0
131072
0
65536
0
393216
0
24576
0
32768
-2162160
16384
84324240
32768
8648640
2048
-7463776320
196608
-2486484000
98304
11524312800
65536
1513512000
24576
-36886449600
98304
-1199998800
16384
13488274800
32768
697656960
16384
-29699429760
131072
-1911349440
196608
19554575040
393216
0
16384
0
131072
0
65536
0
393216
0
24576
0
32768
0
16384
84324240
32768
17297280
2048
-22391328960
196608
-9945936000
98304
57621564000
65536
9081072000
24576
-258205147200
98304
-9599990400
16384
121394473200
32768
6976569600
16384
-326693727360
131072
-22936193280
196608
254209475520
393216
0
16384
0
131072
0
65536
0
393216
0
24576
0
32768
0
16384
0
32768
17297280
2048
-44782657920
196608
-29837808000
98304
230486256000
65536
45405360000
24576
-1549230883200
98304
-67199932800
16384
971155785600
32768
62789126400
16384
-3266937273600
131072
-252298126080
196608
3050513706240
393216
0
16384
0
131072
0
65536
0
393216
0
24576
0
32768
0
16384
0
32768
0
2048
-44782657920
196608
-59675616000
98304
691458768000
65536
181621440000
24576
-7746154416000
98304
-403199596800
16384
6798090499200
32768
502313011200
16384
-29402435462400
131072
-2522981260800
196608
33555650768640
393216
0
16384
0
131072
0
65536
0
393216
0
24576
0
32768
0
16384
0
32768
0
2048
0
196608
-59675616000
98304
1382917536000
65536
544864320000
24576
-30984617664000
98304
-2015997984000
16384
40788542995200
32768
3516191078400
16384
-235219483699200
131072
-22706831347200
196608
335556507686400
393216
1471
1966080
-177
131072
-2063
393216
3943
393216
1619
98304
-16399
491520
-1001
32768
2145
32768
2431
65536
-16445
196608
-30173
983040
14209
196608
1703
98304
-4151
98304
-631
98304
2633
163840
185
131072
-473
131072
-55
393216
143
393216
0
1966080
-177
131072
-4126
393216
11829
393216
6476
98304
-81995
491520
-6006
32768
15015
32768
19448
65536
-148005
196608
-301730
983040
156299
196608
20436
98304
-53963
98304
-8834
98304
39495
163840
2960
131072
-8041
131072
-990
393216
2717
393216
0
1966080
0
131072
-4126
393216
23658
393216
19428
98304
-327980
491520
-30030
32768
90090
32768
136136
65536
-1184040
196608
-2715570
983040
1562990
196608
224796
98304
-647556
98304
-114842
98304
552930
163840
44400
131072
-128656
131072
-16830
393216
48906
393216
0
1966080
0
131072
0
393216
23658
393216
38856
98304
-983940
491520
-120120
32768
450450
32768
816816
65536
-8288280
196608
-21724560
983040
14066910
196608
2247960
98304
-7123116
98304
-1378104
98304
7188090
163840
621600
131072
-1929840
131072
-269280
393216
831402
393216
0
1966080
0
131072
0
393216
0
393216
38856
98304
-1967880
491520
-360360
32768
1801800
32768
4084080
65536
-49729680
196608
-152071920
983040
112535280
196608
20231640
98304
-71231160
98304
-15159144
98304
86257080
163840
8080800
131072
-27017760
131072
-4039200
393216
13302432
393216
0
1966080
0
131072
0
393216
0
393216
0
98304
-1967880
491520
-720720
32768
5405400
32768
16336320
65536
-248648400
196608
-912431520
983040
787746960
196608
161853120
98304
-641080440
98304
-151591440
98304
948827880
163840
96969600
131072
-351230880
131072
-56548800
393216
199536480
393216
0
1966080
0
131072
0
393216
0
393216
0
98304
0
491520
-720720
32768
10810800
32768
49008960
65536
-994593600
196608
-4562157600
983040
4726481760
196608
1132971840
98304
-5128643520
98304
-1364322960
98304
9488278800
163840
1066665600
131072
-4214770560
131072
-735134400
393216
2793510720
393216
0
1966080
0
131072
0
393216
0
393216
0
98304
0
491520
0
32768
10810800
32768
98017920
65536
-2983780800
196608
-18248630400
983040
23632408800
196608
6797831040
98304
-35900504640
98304
-10914583680
98304
85394509200
163840
10666656000
131072
-46362476160
131072
-8821612800
393216
36315639360
393216
0
1966080
0
131072
0
393216
0
393216
0
98304
0
491520
0
32768
0
32768
98017920
65536
-5967561600
196608
-54745891200
983040
94529635200
196608
33989155200
98304
-215403027840
98304
-76402085760
98304
683156073600
163840
95999904000
131072
-463624761600
131072
-97037740800
393216
435787672320
393216
0
1966080
0
131072
0
393216
0
393216
0
98304
0
491520
0
32768
0
32768
0
65536
-5967561600
196608
-109491782400
983040
283588905600
196608
135956620800
98304
-1077015139200
98304
-458412514560
98304
4782092515200
163840
767999232000
131072
-4172622854400
131072
-970377408000
393216
4793664395520
393216
0
1966080
0
131072
0
393216
0
393216
0
98304
0
491520
0
32768
0
32768
0
65536
0
196608
-109491782400
983040
567177811200
196608
407869862400
98304
-4308060556800
98304
-2292062572800
98304
28692555091200
163840
5375994624000
131072
-33380982835200
131072
-8733396672000
393216
47936643955200
393216
21
327680
-37
368640
-97
196608
235
294912
83
49152
-173
61440
-2491
737280
143
24576
143
32768
-143
18432
-1859
491520
1703
245760
325
147456
-17
4096
-41
49152
593
368640
61
327680
-3
8192
-11
589824
11
294912
0
327680
-37
368640
-194
196608
705
294912
332
49152
-865
61440
-14946
737280
1001
24576
1144
32768
-1287
18432
-18590
491520
18733
245760
3900
147456
-221
4096
-574
49152
8895
368640
976
327680
-51
8192
-198
589824
209
294912
0
327680
0
368640
-194
196608
1410
294912
996
49152
-3460
61440
-74730
737280
6006
24576
8008
32768
-10296
18432
-167310
491520
187330
245760
42900
147456
-2652
4096
-7462
49152
124530
368640
14640
327680
-816
8192
-3366
589824
3762
294912
0
327680
0
368640
0
196608
1410
294912
1992
49152
-10380
61440
-298920
737280
30030
24576
48048
32768
-72072
18432
-1338480
491520
1685970
245760
429000
147456
-29172
4096
-89544
49152
1618890
368640
204960
327680
-12240
8192
-53856
589824
63954
294912
0
327680
0
368640
0
196608
0
294912
1992
49152
-20760
61440
-896760
737280
120120
24576
240240
32768
-432432
18432
-9369360
491520
13487760
245760
3861000
147456
-291720
4096
-984984
49152
19426680
368640
2664480
327680
-171360
8192
-807840
589824
1023264
294912
0
327680
0
368640
0
196608
0
294912
0
49152
-20760
61440
-1793520
737280
360360
24576
960960
32768
-2162160
18432
-56216160
491520
94414320
245760
30888000
147456
-2625480
4096
-9849840
49152
213693480
368640
31973760
327680
-2227680
8192
-11309760
589824
15348960
294912
0
327680
0
368640
0
196608
0
294912
0
49152
0
61440
-1793520
737280
720720
24576
2882880
32768
-8648640
18432
-281080800
491520
566485920
245760
216216000
147456
-21003840
4096
-88648560
49152
2136934800
368640
351711360
327680
-26732160
8192
-147026880
589824
214885440
294912
0
327680
0
368640
0
196608
0
294912
0
49152
0
61440
0
737280
720720
24576
5765760
32768
-25945920
18432
-1124323200
491520
2832429600
245760
1297296000
147456
-147026880
4096
-709188480
49152
19232413200
368640
3517113600
327680
-294053760
8192
-1764322560
589824
2793510720
294912
0
327680
0
368640
0
196608
0
294912
0
49152
0
61440
0
737280
0
24576
5765760
32768
-51891840
18432
-3372969600
491520
11329718400
245760
6486480000
147456
-882161280
4096
-4964319360
49152
153859305600
368640
31654022400
327680
-2940537600
8192
-19407548160
589824
33522128640
294912
0
327680
0
368640
0
196608
0
294912
0
49152
0
61440
0
737280
0
24576
0
32768
-51891840
18432
-6745939200
491520
33989155200
245760
25945920000
147456
-4410806400
4096
-29785916160
49152
1077015139200
368640
253232179200
327680
-26464838400
8192
-194075481600
589824
368743415040
294912
0
327680
0
368640
0
196608
0
294912
0
49152
0
61440
0
737280
0
24576
0
32768
0
18432
-6745939200
491520
67978310400
245760
77837760000
147456
-17643225600
4096
-148929580800
49152
6462090835200
368640
1772625254400
327680
-211718707200
8192
-1746679334400
589824
3687434150400
294912
79
20643840
-107
20643840
-31
983040
179
4128768
17
147456
-277
1720320
-181
737280
257
737280
11
32768
-143
294912
-451
1474560
221
491520
137
737280
-41
147456
-25
344064
571
5160960
49
2949120
-59
2293760
-1
589824
11
4128768
0
20643840
-107
20643840
-62
983040
537
4128768
68
147456
-1385
1720320
-1086
737280
1799
737280
88
32768
-1287
294912
-4510
1474560
2431
491520
1644
737280
-533
147456
-350
344064
8565
5160960
784
2949120
-1003
2293760
-18
589824
209
4128768
0
20643840
0
20643840
-62
983040
1074
4128768
204
147456
-5540
1720320
-5430
737280
10794
737280
616
32768
-10296
294912
-40590
1474560
24310
491520
18084
737280
-6396
147456
-4550
344064
119910
5160960
11760
2949120
-16048
2293760
-306
589824
3762
4128768
0
20643840
0
20643840
0
983040
1074
4128768
408
147456
-16620
1720320
-21720
737280
53970
737280
3696
32768
-72072
294912
-324720
1474560
218790
491520
180840
737280
-70356
147456
-54600
344064
1558830
5160960
164640
2949120
-240720
2293760
-4896
589824
63954
4128768
0
20643840
0
20643840
0
983040
0
4128768
408
147456
-33240
1720320
-65160
737280
215880
737280
18480
32768
-432432
294912
-2273040
1474560
1750320
491520
1627560
737280
-703560
147456
-600600
344064
18705960
5160960
2140320
2949120
-3370080
2293760
-73440
589824
1023264
4128768
0
20643840
0
20643840
0
983040
0
4128768
0
147456
-33240
1720320
-130320
737280
647640
737280
73920
32768
-2162160
294912
-13638240
1474560
12252240
491520
13020480
737280
-6332040
147456
-6006000
344064
205765560
5160960
25683840
2949120
-43811040
2293760
-1028160
589824
15348960
4128768
0
20643840
0
20643840
0
983040
0
4128768
0
147456
0
1720320
-130320
737280
1295280
737280
221760
32768
-8648640
294912
-68191200
1474560
73513440
491520
91143360
737280
-50656320
147456
-54054000
344064
2057655600
5160960
282522240
2949120
-525732480
2293760
-13366080
589824
214885440
4128768
0
20643840
0
20643840
0
983040
0
4128768
0
147456
0
1720320
0
737280
1295280
737280
443520
32768
-25945920
294912
-272764800
1474560
367567200
491520
546860160
737280
-354594240
147456
-432432000
344064
18518900400
5160960
2825222400
2949120
-5783057280
2293760
-160392960
589824
2793510720
4128768
0
20643840
0
20643840
0
983040
0
4128768
0
147456
0
1720320
0
737280
0
737280
443520
32768
-51891840
294912
-818294400
1474560
1470268800
491520
2734300800
737280
-2127565440
147456
-3027024000
344064
148151203200
5160960
25427001600
2949120
-57830572800
2293760
-1764322560
589824
33522128640
4128768
0
20643840
0
20643840
0
983040
0
4128768
0
147456
0
1720320
0
737280
0
737280
0
32768
-51891840
294912
-1636588800
1474560
4410806400
491520
10937203200
737280
-10637827200
147456
-18162144000
344064
1037058422400
5160960
203416012800
2949120
-520475155200
2293760
-17643225600
589824
368743415040
4128768
0
20643840
0
20643840
0
983040
0
4128768
0
147456
0
1720320
0
737280
0
737280
0
32768
0
294912
-1636588800
1474560
8821612800
491520
32811609600
737280
-42551308800
147456
-90810720000
344064
6222350534400
5160960
1423912089600
2949120
-4163801241600
2293760
-158789030400
589824
3687434150400
4128768
1
6881280
-1
5898240
-13
10321920
61
41287680
5
1032192
-59
10321920
-1
92160
19
1474560
23
1474560
-11
589824
-11
737280
53
2949120
7
737280
-17
1474560
-1
258048
7
1474560
19
20643840
-47
41287680
-1
10321920
1
8257536
0
6881280
-1
5898240
-26
10321920
183
41287680
20
1032192
-295
10321920
-6
92160
133
1474560
184
1474560
-99
589824
-110
737280
583
2949120
84
737280
-221
1474560
-14
258048
105
1474560
304
20643840
-799
41287680
-18
10321920
19
8257536
0
6881280
0
5898240
-26
10321920
366
41287680
60
1032192
-1180
10321920
-30
92160
798
1474560
1288
1474560
-792
589824
-990
737280
5830
2949120
924
737280
-2652
1474560
-182
258048
1470
1474560
4560
20643840
-12784
41287680
-306
10321920
342
8257536
0
6881280
0
5898240
0
10321920
366
41287680
120
1032192
-3540
10321920
-120
92160
3990
1474560
7728
1474560
-5544
589824
-7920
737280
52470
2949120
9240
737280
-29172
1474560
-2184
258048
19110
1474560
63840
20643840
-191760
41287680
-4896
10321920
5814
8257536
0
6881280
0
5898240
0
10321920
0
41287680
120
1032192
-7080
10321920
-360
92160
15960
1474560
38640
1474560
-33264
589824
-55440
737280
419760
2949120
83160
737280
-291720
1474560
-24024
258048
229320
1474560
829920
20643840
-2684640
41287680
-73440
10321920
93024
8257536
0
6881280
0
5898240
0
10321920
0
41287680
0
1032192
-7080
10321920
-720
92160
47880
1474560
154560
1474560
-166320
589824
-332640
737280
2938320
2949120
665280
737280
-2625480
1474560
-240240
258048
2522520
1474560
9959040
20643840
-34900320
41287680
-1028160
10321920
1395360
8257536
0
6881280
0
5898240
0
10321920
0
41287680
0
1032192
0
10321920
-720
92160
95760
1474560
463680
1474560
-665280
589824
-1663200
737280
17629920
2949120
4656960
737280
-21003840
1474560
-2162160
258048
25225200
1474560
109549440
20643840
-418803840
41287680
-13366080
10321920
19535040
8257536
0
6881280
0
5898240
0
10321920
0
41287680
0
1032192
0
10321920
0
92160
95760
1474560
927360
1474560
-1995840
589824
-6652800
737280
88149600
2949120
27941760
737280
-147026880
1474560
-17297280
258048
227026800
1474560
1095494400
20643840
-4606842240
41287680
-160392960
10321920
253955520
8257536
0
6881280
0
5898240
0
10321920
0
41287680
0
1032192
0
10321920
0
92160
0
1474560
927360
1474560
-3991680
589824
-19958400
737280
352598400
2949120
139708800
737280
-882161280
1474560
-121080960
258048
1816214400
1474560
9859449600
20643840
-46068422400
41287680
-1764322560
10321920
3047466240
8257536
0
6881280
0
5898240
0
10321920
0
41287680
0
1032192
0
10321920
0
92160
0
1474560
0
1474560
-3991680
589824
-39916800
737280
1057795200
2949120
558835200
737280
-4410806400
1474560
-726485760
258048
12713500800
1474560
78875596800
20643840
-414615801600
41287680
-17643225600
10321920
33522128640
8257536
0
6881280
0
5898240
0
10321920
0
41287680
0
1032192
0
10321920
0
92160
0
1474560
0
1474560
0
589824
-39916800
737280
2115590400
2949120
1676505600
737280
-17643225600
1474560
-3632428800
258048
76281004800
1474560
552129177600
20643840
-3316926412800
41287680
-158789030400
10321920
335221286400
8257536
1
371589120
-1
371589120
-1
41287680
1
41287680
1
10321920
-1
10321920
-1
4423680
1
4423680
1
2949120
-1
2949120
-1
2949120
1
2949120
1
4423680
-1
4423680
-1
10321920
1
10321920
1
41287680
-1
41287680
-1
371589120
1
371589120
0
371589120
-1
371589120
-2
41287680
3
41287680
4
10321920
-5
10321920
-6
4423680
7
4423680
8
2949120
-9
2949120
-10
2949120
11
2949120
12
4423680
-13
4423680
-14
10321920
15
10321920
16
41287680
-17
41287680
-18
371589120
19
371589120
0
371589120
0
371589120
-2
41287680
6
41287680
12
10321920
-20
10321920
-30
4423680
42
4423680
56
2949120
-72
2949120
-90
2949120
110
2949120
132
4423680
-156
4423680
-182
10321920
210
10321920
240
41287680
-272
41287680
-306
371589120
342
371589120
0
371589120
0
371589120
0
41287680
6
41287680
24
10321920
-60
10321920
-120
4423680
210
4423680
336
2949120
-504
2949120
-720
2949120
990
2949120
1320
4423680
-1716
4423680
-2184
10321920
2730
10321920
3360
41287680
-4080
41287680
-4896
371589120
5814
371589120
0
371589120
0
371589120
0
41287680
0
41287680
24
10321920
-120
10321920
-360
4423680
840
4423680
1680
2949120
-3024
2949120
-5040
2949120
7920
2949120
11880
4423680
-17160
4423680
-24024
10321920
32760
10321920
43680
41287680
-57120
41287680
-73440
371589120
93024
371589120
0
371589120
0
371589120
0
41287680
0
41287680
0
10321920
-120
10321920
-720
4423680
2520
4423680
6720
2949120
-15120
2949120
-30240
2949120
55440
2949120
95040
4423680
-154440
4423680
-240240
10321920
360360
10321920
524160
41287680
-742560
41287680
-1028160
371589120
1395360
371589120
0
371589120
0
371589120
0
41287680
0
41287680
0
10321920
0
10321920
-720
4423680
5040
4423680
20160
2949120
-60480
2949120
-151200
2949120
332640
2949120
665280
4423680
-1235520
4423680
-2162160
10321920
3603600
10321920
5765760
41287680
-8910720
41287680
-13366080
371589120
19535040
371589120
0
371589120
0
371589120
0
41287680
0
41287680
0
10321920
0
10321920
0
4423680
5040
4423680
40320
2949120
-181440
2949120
-604800
2949120
1663200
2949120
3991680
4423680
-8648640
4423680
-17297280
10321920
32432400
10321920
57657600
41287680
-98017920
41287680
-160392960
371589120
253955520
371589120
0
371589120
0
371589120
0
41287680
0
41287680
0
10321920
0
10321920
0
4423680
0
4423680
40320
2949120
-362880
2949120
-1814400
2949120
6652800
2949120
19958400
4423680
-51891840
4423680
-121080960
10321920
259459200
10321920
518918400
41287680
-980179200
41287680
-1764322560
371589120
3047466240
371589120
0
371589120
0
371589120
0
41287680
0
41287680
0
10321920
0
10321920
0
4423680
0
4423680
0
2949120
-362880
2949120
-3628800
2949120
19958400
2949120
79833600
4423680
-259459200
4423680
-726485760
10321920
1816214400
10321920
4151347200
41287680
-8821612800
41287680
-17643225600
371589120
33522128640
371589120
0
371589120
0
371589120
0
41287680
0
41287680
0
10321920
0
10321920
0
4423680
0
4423680
0
2949120
0
2949120
-3628800
2949120
39916800
2949120
239500800
4423680
-1037836800
4423680
-3632428800
10321920
10897286400
10321920
29059430400
41287680
-70572902400
41287680
-158789030400
371589120
335221286400
371589120
1
2
230945
131072
0
1
-692835
131072
0
1
415701
32768
0
1
-692835
32768
0
1
1616615
65536
0
1
-1322685
65536
0
1
373065
32768
0
1
-138567
32768
0
1
122265
131072
0
1
-12155
131072
0
2
230945
131072
0
1
-2078505
131072
0
1
2078505
32768
0
1
-4849845
32768
0
1
14549535
65536
0
1
-14549535
65536
0
1
4849845
32768
0
1
-2078505
32768
0
1
2078505
131072
0
1
-230945
131072
0
2
0
131072
0
1
-4157010
131072
0
1
8314020
32768
0
1
-29099070
32768
0
1
116396280
65536
0
1
-145495350
65536
0
1
58198140
32768
0
1
-29099070
32768
0
1
33256080
131072
0
1
-4157010
131072
0
2
0
131072
0
1
-4157010
131072
0
1
24942060
32768
0
1
-145495350
32768
0
1
814773960
65536
0
1
-1309458150
65536
0
1
640179540
32768
0
1
-378287910
32768
0
1
498841200
131072
0
1
-70669170
131072
0
2
0
131072
0
1
0
131072
0
1
49884120
32768
0
1
-581981400
32768
0
1
4888643760
65536
0
1
-10475665200
65536
0
1
6401795400
32768
0
1
-4539454920
32768
0
1
6983776800
131072
0
1
-1130706720
131072
0
2
0
131072
0
1
0
131072
0
1
49884120
32768
0
1
-1745944200
32768
0
1
24443218800
65536
0
1
-73329656400
65536
0
1
57616158600
32768
0
1
-49934004120
32768
0
1
90789098400
131072
0
1
-16960600800
131072
0
2
0
131072
0
1
0
131072
0
1
0
32768
0
1
-3491888400
32768
0
1
97772875200
65536
0
1
-439977938400
65536
0
1
460929268800
32768
0
1
-499340041200
32768
0
1
1089469180800
131072
0
1
-237448411200
131072
0
2
0
131072
0
1
0
131072
0
1
0
32768
0
1
-3491888400
32768
0
1
293318625600
65536
0
1
-2199889692000
65536
0
1
3226504881600
32768
0
1
-4494060370800
32768
0
1
11984160988800
131072
0
1
-3086829345600
131072
0
2
0
131072
0
1
0
131072
0
1
0
32768
0
1
0
32768
0
1
586637251200
65536
0
1
-8799558768000
65536
0
1
19359029289600
32768
0
1
-35952482966400
32768
0
1
119841609888000
131072
0
1
-37041952147200
131072
0
2
0
131072
0
1
0
131072
0
1
0
32768
0
1
0
32768
0
1
586637251200
65536
0
1
-26398676304000
65536
0
1
96795146448000
32768
0
1
-251667380764800
32768
0
1
1078574488992000
131072
0
1
-407461473619200
131072
0
2
0
131072
0
1
0
131072
0
1
0
32768
0
1
0
32768
0
1
0
65536
0
1
-52797352608000
65536
0
1
387180585792000
32768
0
1
-1510004284588800
32768
0
1
8628595911936000
131072
0
1
-4074614736192000
131072
-53381
131072
-165409
131072
109395
131072
692835
131072
-36465
32768
-415701
32768
51051
32768
692835
32768
-109395
65536
-1616615
65536
85085
65536
1322685
65536
-23205
32768
-373065
32768
8415
32768
138567
32768
-7293
131072
-122265
131072
715
131072
12155
131072
0
131072
-165409
131072
218790
131072
2078505
131072
-145860
32768
-2078505
32768
306306
32768
4849845
32768
-875160
65536
-14549535
65536
850850
65536
14549535
65536
-278460
32768
-4849845
32768
117810
32768
2078505
32768
-116688
131072
-2078505
131072
12870
131072
230945
131072
0
131072
0
131072
218790
131072
4157010
131072
-437580
32768
-8314020
32768
1531530
32768
29099070
32768
-6126120
65536
-116396280
65536
7657650
65536
145495350
65536
-3063060
32768
-58198140
32768
1531530
32768
29099070
32768
-1750320
131072
-33256080
131072
218790
131072
4157010
131072
0
131072
0
131072
0
131072
4157010
131072
-875160
32768
-24942060
32768
6126120
32768
145495350
32768
-36756720
65536
-814773960
65536
61261200
65536
1309458150
65536
-30630600
32768
-640179540
32768
18378360
32768
378287910
32768
-24504480
131072
-498841200
131072
3500640
131072
70669170
131072
0
131072
0
131072
0
131072
0
131072
-875160
32768
-49884120
32768
18378360
32768
581981400
32768
-183783600
65536
-4888643760
65536
428828400
65536
10475665200
65536
-275675400
32768
-6401795400
32768
202161960
32768
4539454920
32768
-318558240
131072
-6983776800
131072
52509600
131072
1130706720
131072
0
131072
0
131072
0
131072
0
131072
0
32768
-49884120
32768
36756720
32768
1745944200
32768
-735134400
65536
-24443218800
65536
2572970400
65536
73329656400
65536
-2205403200
32768
-57616158600
32768
2021619600
32768
49934004120
32768
-3822698880
131072
-90789098400
131072
735134400
131072
16960600800
131072
0
131072
0
131072
0
131072
0
131072
0
32768
0
32768
36756720
32768
3491888400
32768
-2205403200
65536
-97772875200
65536
12864852000
65536
439977938400
65536
-15437822400
32768
-460929268800
32768
18194576400
32768
499340041200
32768
-42049687680
131072
-1089469180800
131072
9556747200
131072
237448411200
131072
0
131072
0
131072
0
131072
0
131072
0
32768
0
32768
0
32768
3491888400
32768
-4410806400
65536
-293318625600
65536
51459408000
65536
2199889692000
65536
-92626934400
32768
-3226504881600
32768
145556611200
32768
4494060370800
32768
-420496876800
131072
-11984160988800
131072
114680966400
131072
3086829345600
131072
0
131072
0
131072
0
131072
0
131072
0
32768
0
32768
0
32768
0
32768
-4410806400
65536
-586637251200
65536
154378224000
65536
8799558768000
65536
-463134672000
32768
-19359029289600
32768
1018896278400
32768
35952482966400
32768
-3784471891200
131072
-119841609888000
131072
1261490630400
131072
37041952147200
131072
0
131072
0
131072
0
131072
0
131072
0
32768
0
32768
0
32768
0
32768
0
65536
-586637251200
65536
308756448000
65536
26398676304000
65536
-1852538688000
32768
-96795146448000
32768
6113377670400
32768
251667380764800
32768
-30275775129600
131072
-1078574488992000
131072
12614906304000
131072
407461473619200
131072
0
131072
0
131072
0
131072
0
131072
0
32768
0
32768
0
32768
0
32768
0
65536
0
65536
308756448000
65536
52797352608000
65536
-5557616064000
32768
-387180585792000
32768
30566888352000
32768
1510004284588800
32768
-211930425907200
131072
-8628595911936000
131072
113534156736000
131072
4074614736192000
131072
20613
131072
28007
65536
-76627
131072
-36465
16384
36465
32768
94809
16384
-51051
32768
-80223
8192
109395
65536
376805
32768
-85085
65536
-38675
4096
23205
32768
87465
16384
-8415
32768
-16269
8192
7293
131072
28743
65536
-715
131072
-715
16384
0
131072
28007
65536
-153254
131072
-109395
16384
145860
32768
474045
16384
-306306
32768
-561561
8192
875160
65536
3391245
32768
-850850
65536
-425425
4096
278460
32768
1137045
16384
-117810
32768
-244035
8192
116688
131072
488631
65536
-12870
131072
-13585
16384
0
131072
0
65536
-153254
131072
-218790
16384
437580
32768
1896180
16384
-1531530
32768
-3369366
8192
6126120
65536
27129960
32768
-7657650
65536
-4254250
4096
3063060
32768
13644540
16384
-1531530
32768
-3416490
8192
1750320
131072
7818096
65536
-218790
131072
-244530
16384
0
131072
0
65536
0
131072
-218790
16384
875160
32768
5688540
16384
-6126120
32768
-16846830
8192
36756720
65536
189909720
32768
-61261200
65536
-38288250
4096
30630600
32768
150089940
16384
-18378360
32768
-44414370
8192
24504480
131072
117271440
65536
-3500640
131072
-4157010
16384
0
131072
0
65536
0
131072
0
16384
875160
32768
11377080
16384
-18378360
32768
-67387320
8192
183783600
65536
1139458320
32768
-428828400
65536
-306306000
4096
275675400
32768
1500899400
16384
-202161960
32768
-532972440
8192
318558240
131072
1641800160
65536
-52509600
131072
-66512160
16384
0
131072
0
65536
0
131072
0
16384
0
32768
11377080
16384
-36756720
32768
-202161960
8192
735134400
65536
5697291600
32768
-2572970400
65536
-2144142000
4096
2205403200
32768
13508094600
16384
-2021619600
32768
-5862696840
8192
3822698880
131072
21343402080
65536
-735134400
131072
-997682400
16384
0
131072
0
65536
0
131072
0
16384
0
32768
0
16384
-36756720
32768
-404323920
8192
2205403200
65536
22789166400
32768
-12864852000
65536
-12864852000
4096
15437822400
32768
108064756800
16384
-18194576400
32768
-58626968400
8192
42049687680
131072
256120824960
65536
-9556747200
131072
-13967553600
16384
0
131072
0
65536
0
131072
0
16384
0
32768
0
16384
0
32768
-404323920
8192
4410806400
65536
68367499200
32768
-51459408000
65536
-64324260000
4096
92626934400
32768
756453297600
16384
-145556611200
32768
-527642715600
8192
420496876800
131072
2817329074560
65536
-114680966400
131072
-181578196800
16384
0
131072
0
65536
0
131072
0
16384
0
32768
0
16384
0
32768
0
8192
4410806400
65536
136734998400
32768
-154378224000
65536
-257297040000
4096
463134672000
32768
4538719785600
16384
-1018896278400
32768
-4221141724800
8192
3784471891200
131072
28173290745600
65536
-1261490630400
131072
-2178938361600
16384
0
131072
0
65536
0
131072
0
16384
0
32768
0
16384
0
32768
0
8192
0
65536
136734998400
32768
-308756448000
65536
-771891120000
4096
1852538688000
32768
22693598928000
16384
-6113377670400
32768
-29547992073600
8192
30275775129600
131072
253559616710400
65536
-12614906304000
131072
-23968321977600
16384
0
131072
0
65536
0
131072
0
16384
0
32768
0
16384
0
32768
0
8192
0
65536
0
32768
-308756448000
65536
-1543782240000
4096
5557616064000
32768
90774395712000
16384
-30566888352000
32768
-177287952441600
8192
211930425907200
131072
2028476933683200
65536
-113534156736000
131072
-239683219776000
16384
-14893
393216
-35401
393216
25147
131072
215093
393216
-15015
32768
-51051
32768
23023
32768
89947
32768
-50193
65536
-644215
196608
39325
65536
177905
65536
-32305
98304
-50575
32768
3915
32768
18887
32768
-3399
131072
-16731
131072
1001
393216
5005
393216
0
393216
-35401
393216
50294
131072
645279
393216
-60060
32768
-255255
32768
138138
32768
629629
32768
-401544
65536
-5797935
196608
393250
65536
1956955
65536
-387660
98304
-657475
32768
54810
32768
283305
32768
-54384
131072
-284427
131072
18018
393216
95095
393216
0
393216
0
393216
50294
131072
1290558
393216
-180180
32768
-1021020
32768
690690
32768
3777774
32768
-2810808
65536
-46383480
196608
3539250
65536
19569550
65536
-4264260
98304
-7889700
32768
712530
32768
3966270
32768
-815760
131072
-4550832
131072
306306
393216
1711710
393216
0
393216
0
393216
0
131072
1290558
393216
-360360
32768
-3063060
32768
2762760
32768
18888870
32768
-16864848
65536
-324684360
196608
28314000
65536
176125950
65536
-42642600
98304
-86786700
32768
8550360
32768
51561510
32768
-11420640
131072
-68262480
131072
4900896
393216
29099070
393216
0
393216
0
393216
0
131072
0
393216
-360360
32768
-6126120
32768
8288280
32768
75555480
32768
-84324240
65536
-1948106160
196608
198198000
65536
1409007600
65536
-383783400
98304
-867867000
32768
94053960
32768
618738120
32768
-148468320
131072
-955674720
131072
73513440
393216
465585120
393216
0
393216
0
393216
0
131072
0
393216
0
32768
-6126120
32768
16576560
32768
226666440
32768
-337296960
65536
-9740530800
196608
1189188000
65536
9863053200
65536
-3070267200
98304
-7810803000
32768
940539600
32768
6806119320
32768
-1781619840
131072
-12423771360
131072
1029188160
393216
6983776800
393216
0
393216
0
393216
0
131072
0
393216
0
32768
0
32768
16576560
32768
453332880
32768
-1011890880
65536
-38962123200
196608
5945940000
65536
59178319200
65536
-21491870400
98304
-62486424000
32768
8464856400
32768
68061193200
32768
-19597818240
131072
-149085256320
131072
13379446080
393216
97772875200
393216
0
393216
0
393216
0
131072
0
393216
0
32768
0
32768
0
32768
453332880
32768
-2023781760
65536
-116886369600
196608
23783760000
65536
295891596000
65536
-128951222400
98304
-437404968000
32768
67718851200
32768
612550738800
32768
-195978182400
131072
-1639937819520
131072
160553352960
393216
1271047377600
393216
0
393216
0
393216
0
131072
0
393216
0
32768
0
32768
0
32768
0
32768
-2023781760
65536
-233772739200
196608
71351280000
65536
1183566384000
65536
-644756112000
98304
-2624429808000
32768
474031958400
32768
4900405910400
32768
-1763803641600
131072
-16399378195200
131072
1766086882560
393216
15252568531200
393216
0
393216
0
393216
0
131072
0
393216
0
32768
0
32768
0
32768
0
32768
0
65536
-233772739200
196608
142702560000
65536
3550699152000
65536
-2579024448000
98304
-13122149040000
32768
2844191750400
32768
34302841372800
32768
-14110429132800
131072
-147594403756800
131072
17660868825600
393216
167778253843200
393216
0
393216
0
393216
0
131072
0
393216
0
32768
0
32768
0
32768
0
32768
0
65536
0
196608
142702560000
65536
7101398304000
65536
-7737073344000
98304
-52488596160000
32768
14220958752000
32768
205817048236800
32768
-98773003929600
131072
-1180755230054400
131072
158947819430400
393216
1677782538432000
393216
103
16384
1709
131072
-2533
65536
-34913
393216
2657
24576
9009
32768
-3003
16384
-16731
32768
429
2048
123409
196608
-16445
98304
-34645
65536
2275
24576
29855
98304
-555
16384
-3743
32768
121
16384
3333
131072
-143
196608
-1001
393216
0
16384
1709
131072
-5066
65536
-104739
393216
10628
24576
45045
32768
-18018
16384
-117117
32768
3432
2048
1110681
196608
-164450
98304
-381095
65536
27300
24576
388115
98304
-7770
16384
-56145
32768
1936
16384
56661
131072
-2574
196608
-19019
393216
0
16384
0
131072
-5066
65536
-209478
393216
31884
24576
180180
32768
-90090
16384
-702702
32768
24024
2048
8885448
196608
-1480050
98304
-3810950
65536
300300
24576
4657380
98304
-101010
16384
-786030
32768
29040
16384
906576
131072
-43758
196608
-342342
393216
0
16384
0
131072
0
65536
-209478
393216
63768
24576
540540
32768
-360360
16384
-3513510
32768
144144
2048
62198136
196608
-11840400
98304
-34298550
65536
3003000
24576
51231180
98304
-1212120
16384
-10218390
32768
406560
16384
13598640
131072
-700128
196608
-5819814
393216
0
16384
0
131072
0
65536
0
393216
63768
24576
1081080
32768
-1081080
16384
-14054040
32768
720720
2048
373188816
196608
-82882800
98304
-274388400
65536
27027000
24576
512311800
98304
-13333320
16384
-122620680
32768
5285280
16384
190380960
131072
-10501920
196608
-93117024
393216
0
16384
0
131072
0
65536
0
393216
0
24576
1081080
32768
-2162160
16384
-42162120
32768
2882880
2048
1865944080
196608
-497296800
98304
-1920718800
65536
216216000
24576
4610806200
98304
-133333200
16384
-1348827480
32768
63423360
16384
2474952480
131072
-147026880
196608
-1396755360
393216
0
16384
0
131072
0
65536
0
393216
0
24576
0
32768
-2162160
16384
-84324240
32768
8648640
2048
7463776320
196608
-2486484000
98304
-11524312800
65536
1513512000
24576
36886449600
98304
-1199998800
16384
-13488274800
32768
697656960
16384
29699429760
131072
-1911349440
196608
-19554575040
393216
0
16384
0
131072
0
65536
0
393216
0
24576
0
32768
0
16384
-84324240
32768
17297280
2048
22391328960
196608
-9945936000
98304
-57621564000
65536
9081072000
24576
258205147200
98304
-9599990400
16384
-121394473200
32768
6976569600
16384
326693727360
131072
-22936193280
196608
-254209475520
393216
0
16384
0
131072
0
65536
0
393216
0
24576
0
32768
0
16384
0
32768
17297280
2048
44782657920
196608
-29837808000
98304
-230486256000
65536
45405360000
24576
1549230883200
98304
-67199932800
16384
-971155785600
32768
62789126400
16384
3266937273600
131072
-252298126080
196608
-3050513706240
393216
0
16384
0
131072
0
65536
0
393216
0
24576
0
32768
0
16384
0
32768
0
2048
44782657920
196608
-59675616000
98304
-691458768000
65536
181621440000
24576
7746154416000
98304
-403199596800
16384
-6798090499200
32768
502313011200
16384
29402435462400
131072
-2522981260800
196608
-33555650768640
393216
0
16384
0
131072
0
65536
0
393216
0
24576
0
32768
0
16384
0
32768
0
2048
0
196608
-59675616000
98304
-1382917536000
65536
544864320000
24576
30984617664000
98304
-2015997984000
16384
-40788542995200
32768
3516191078400
16384
235219483699200
131072
-22706831347200
196608
-335556507686400
393216
-1471
1966080
-177
131072
2063
393216
3943
393216
-1619
98304
-16399
491520
1001
32768
2145
32768
-2431
65536
-16445
196608
30173
983040
14209
196608
-1703
98304
-4151
98304
631
98304
2633
163840
-185
131072
-473
131072
55
393216
143
393216
0
1966080
-177
131072
4126
393216
11829
393216
-6476
98304
-81995
491520
6006
32768
15015
32768
-19448
65536
-148005
196608
301730
983040
156299
196608
-20436
98304
-53963
98304
8834
98304
39495
163840
-2960
131072
-8041
131072
990
393216
2717
393216
0
1966080
0
131072
4126
393216
23658
393216
-19428
98304
-327980
491520
30030
32768
90090
32768
-136136
65536
-1184040
196608
2715570
983040
1562990
196608
-224796
98304
-647556
98304
114842
98304
552930
163840
-44400
131072
-128656
131072
16830
393216
48906
393216
0
1966080
0
131072
0
393216
23658
393216
-38856
98304
-983940
491520
120120
32768
450450
32768
-816816
65536
-8288280
196608
21724560
983040
14066910
196608
-2247960
98304
-7123116
98304
1378104
98304
7188090
163840
-621600
131072
-1929840
131072
269280
393216
831402
393216
0
1966080
0
131072
0
393216
0
393216
-38856
98304
-1967880
491520
360360
32768
1801800
32768
-4084080
65536
-49729680
196608
152071920
983040
112535280
196608
-20231640
98304
-71231160
98304
15159144
98304
86257080
163840
-8080800
131072
-27017760
131072
4039200
393216
13302432
393216
0
1966080
0
131072
0
393216
0
393216
0
98304
-1967880
491520
720720
32768
5405400
32768
-16336320
65536
-248648400
196608
912431520
983040
787746960
196608
-161853120
98304
-641080440
98304
151591440
98304
948827880
163840
-96969600
131072
-351230880
131072
56548800
393216
199536480
393216
0
1966080
0
131072
0
393216
0
393216
0
98304
0
491520
720720
32768
10810800
32768
-49008960
65536
-994593600
196608
4562157600
983040
4726481760
196608
-1132971840
98304
-5128643520
98304
1364322960
98304
9488278800
163840
-1066665600
131072
-4214770560
131072
735134400
393216
2793510720
393216
0
1966080
0
131072
0
393216
0
393216
0
98304
0
491520
0
32768
10810800
32768
-98017920
65536
-2983780800
196608
18248630400
983040
23632408800
196608
-6797831040
98304
-35900504640
98304
10914583680
98304
85394509200
163840
-10666656000
131072
-46362476160
131072
8821612800
393216
36315639360
393216
0
1966080
0
131072
0
393216
0
393216
0
98304
0
491520
0
32768
0
32768
-98017920
65536
-5967561600
196608
54745891200
983040
94529635200
196608
-33989155200
98304
-215403027840
98304
76402085760
98304
683156073600
163840
-95999904000
131072
-463624761600
131072
97037740800
393216
435787672320
393216
0
1966080
0
131072
0
393216
0
393216
0
98304
0
491520
0
32768
0
32768
0
65536
-5967561600
196608
109491782400
983040
283588905600
196608
-135956620800
98304
-1077015139200
98304
458412514560
98304
4782092515200
163840
-767999232000
131072
-4172622854400
131072
970377408000
393216
4793664395520
393216
0
1966080
0
131072
0
393216
0
393216
0
98304
0
491520
0
32768
0
32768
0
65536
0
196608
109491782400
983040
567177811200
196608
-407869862400
98304
-4308060556800
98304
2292062572800
98304
28692555091200
163840
-5375994624000
131072
-33380982835200
131072
8733396672000
393216
47936643955200
393216
21
327680
37
368640
-97
196608
-235
294912
83
49152
173
61440
-2491
737280
-143
24576
143
32768
143
18432
-1859
491520
-1703
245760
325
147456
17
4096
-41
49152
-593
368640
61
327680
3
8192
-11
589824
-11
294912
0
327680
37
368640
-194
196608
-705
294912
332
49152
865
61440
-14946
737280
-1001
24576
1144
32768
1287
18432
-18590
491520
-18733
245760
3900
147456
221
4096
-574
49152
-8895
368640
976
327680
51
8192
-198
589824
-209
294912
0
327680
0
368640
-194
196608
-1410
294912
996
49152
3460
61440
-74730
737280
-6006
24576
8008
32768
10296
18432
-167310
491520
-187330
245760
42900
147456
2652
4096
-7462
49152
-124530
368640
14640
327680
816
8192
-3366
589824
-3762
294912
0
327680
0
368640
0
196608
-1410
294912
1992
49152
10380
61440
-298920
737280
-30030
24576
48048
32768
72072
18432
-1338480
491520
-1685970
245760
429000
147456
29172
4096
-89544
49152
-1618890
368640
204960
327680
12240
8192
-53856
589824
-63954
294912
0
327680
0
368640
0
196608
0
294912
1992
49152
20760
61440
-896760
737280
-120120
24576
240240
32768
432432
18432
-9369360
491520
-13487760
245760
3861000
147456
291720
4096
-984984
49152
-19426680
368640
2664480
327680
171360
8192
-807840
589824
-1023264
294912
0
327680
0
368640
0
196608
0
294912
0
49152
20760
61440
-1793520
737280
-360360
24576
960960
32768
2162160
18432
-56216160
491520
-94414320
245760
30888000
147456
2625480
4096
-9849840
49152
-213693480
368640
31973760
327680
2227680
8192
-11309760
589824
-15348960
294912
0
327680
0
368640
0
196608
0
294912
0
49152
0
61440
-1793520
737280
-720720
24576
2882880
32768
8648640
18432
-281080800
491520
-566485920
245760
216216000
147456
21003840
4096
-88648560
49152
-2136934800
368640
351711360
327680
26732160
8192
-147026880
589824
-214885440
294912
0
327680
0
368640
0
196608
0
294912
0
49152
0
61440
0
737280
-720720
24576
5765760
32768
25945920
18432
-1124323200
491520
-2832429600
245760
1297296000
147456
147026880
4096
-709188480
49152
-19232413200
368640
3517113600
327680
294053760
8192
-1764322560
589824
-2793510720
294912
0
327680
0
368640
0
196608
0
294912
0
49152
0
61440
0
737280
0
24576
5765760
32768
51891840
18432
-3372969600
491520
-11329718400
245760
6486480000
147456
882161280
4096
-4964319360
49152
-153859305600
368640
31654022400
327680
2940537600
8192
-19407548160
589824
-33522128640
294912
0
327680
0
368640
0
196608
0
294912
0
49152
0
61440
0
737280
0
24576
0
32768
51891840
18432
-6745939200
491520
-33989155200
245760
25945920000
147456
4410806400
4096
-29785916160
49152
-1077015139200
368640
253232179200
327680
26464838400
8192
-194075481600
589824
-368743415040
294912
0
327680
0
368640
0
196608
0
294912
0
49152
0
61440
0
737280
0
24576
0
32768
0
18432
-6745939200
491520
-67978310400
245760
77837760000
147456
17643225600
4096
-148929580800
49152
-6462090835200
368640
1772625254400
327680
211718707200
8192
-1746679334400
589824
-3687434150400
294912
-79
20643840
-107
20643840
31
983040
179
4128768
-17
147456
-277
1720320
181
737280
257
737280
-11
32768
-143
294912
451
1474560
221
491520
-137
737280
-41
147456
25
344064
571
5160960
-49
2949120
-59
2293760
1
589824
11
4128768
0
20643840
-107
20643840
62
983040
537
4128768
-68
147456
-1385
1720320
1086
737280
1799
737280
-88
32768
-1287
294912
4510
1474560
2431
491520
-1644
737280
-533
147456
350
344064
8565
5160960
-784
2949120
-1003
2293760
18
589824
209
4128768
0
20643840
0
20643840
62
983040
1074
4128768
-204
147456
-5540
1720320
5430
737280
10794
737280
-616
32768
-10296
294912
40590
1474560
24310
491520
-18084
737280
-6396
147456
4550
344064
119910
5160960
-11760
2949120
-16048
2293760
306
589824
3762
4128768
0
20643840
0
20643840
0
983040
1074
4128768
-408
147456
-16620
1720320
21720
737280
53970
737280
-3696
32768
-72072
294912
324720
1474560
218790
491520
-180840
737280
-70356
147456
54600
344064
1558830
5160960
-164640
2949120
-240720
2293760
4896
589824
63954
4128768
0
20643840
0
20643840
0
983040
0
4128768
-408
147456
-33240
1720320
65160
737280
215880
737280
-18480
32768
-432432
294912
2273040
1474560
1750320
491520
-1627560
737280
-703560
147456
600600
344064
18705960
5160960
-2140320
2949120
-3370080
2293760
73440
589824
1023264
4128768
0
20643840
0
20643840
0
983040
0
4128768
0
147456
-33240
1720320
130320
737280
647640
737280
-73920
32768
-2162160
294912
13638240
1474560
12252240
491520
-13020480
737280
-6332040
147456
6006000
344064
205765560
5160960
-25683840
2949120
-43811040
2293760
1028160
589824
15348960
4128768
0
20643840
0
20643840
0
983040
0
4128768
0
147456
0
1720320
130320
737280
1295280
737280
-221760
32768
-8648640
294912
68191200
1474560
73513440
491520
-91143360
737280
-50656320
147456
54054000
344064
2057655600
5160960
-282522240
2949120
-525732480
2293760
13366080
589824
214885440
4128768
0
20643840
0
20643840
0
983040
0
4128768
0
147456
0
1720320
0
737280
1295280
737280
-443520
32768
-25945920
294912
272764800
1474560
367567200
491520
-546860160
737280
-354594240
147456
432432000
344064
18518900400
5160960
-2825222400
2949120
-5783057280
2293760
160392960
589824
2793510720
4128768
0
20643840
0
20643840
0
983040
0
4128768
0
147456
0
1720320
0
737280
0
737280
-443520
32768
-51891840
294912
818294400
1474560
1470268800
491520
-2734300800
737280
-2127565440
147456
3027024000
344064
148151203200
5160960
-25427001600
2949120
-57830572800
2293760
1764322560
589824
33522128640
4128768
0
20643840
0
20643840
0
983040
0
4128768
0
147456
0
1720320
0
737280
0
737280
0
32768
-51891840
294912
1636588800
1474560
4410806400
491520
-10937203200
737280
-10637827200
147456
18162144000
344064
1037058422400
5160960
-203416012800
2949120
-520475155200
2293760
17643225600
589824
368743415040
4128768
0
20643840
0
20643840
0
983040
0
4128768
0
147456
0
1720320
0
737280
0
737280
0
32768
0
294912
1636588800
1474560
8821612800
491520
-32811609600
737280
-42551308800
147456
90810720000
344064
6222350534400
5160960
-1423912089600
2949120
-4163801241600
2293760
158789030400
589824
3687434150400
4128768
1
6881280
1
5898240
-13
10321920
-61
41287680
5
1032192
59
10321920
-1
92160
-19
1474560
23
1474560
11
589824
-11
737280
-53
2949120
7
737280
17
1474560
-1
258048
-7
1474560
19
20643840
47
41287680
-1
10321920
-1
8257536
0
6881280
1
5898240
-26
10321920
-183
41287680
20
1032192
295
10321920
-6
92160
-133
1474560
184
1474560
99
589824
-110
737280
-583
2949120
84
737280
221
1474560
-14
258048
-105
1474560
304
20643840
799
41287680
-18
10321920
-19
8257536
0
6881280
0
5898240
-26
10321920
-366
41287680
60
1032192
1180
10321920
-30
92160
-798
1474560
1288
1474560
792
589824
-990
737280
-5830
2949120
924
737280
2652
1474560
-182
258048
-1470
1474560
4560
20643840
12784
41287680
-306
10321920
-342
8257536
0
6881280
0
5898240
0
10321920
-366
41287680
120
1032192
3540
10321920
-120
92160
-3990
1474560
7728
1474560
5544
589824
-7920
737280
-52470
2949120
9240
737280
29172
1474560
-2184
258048
-19110
1474560
63840
20643840
191760
41287680
-4896
10321920
-5814
8257536
0
6881280
0
5898240
0
10321920
0
41287680
120
1032192
7080
10321920
-360
92160
-15960
1474560
38640
1474560
33264
589824
-55440
737280
-419760
2949120
83160
737280
291720
1474560
-24024
258048
-229320
1474560
829920
20643840
2684640
41287680
-73440
10321920
-93024
8257536
0
6881280
0
5898240
0
10321920
0
41287680
0
1032192
7080
10321920
-720
92160
-47880
1474560
154560
1474560
166320
589824
-332640
737280
-2938320
2949120
665280
737280
2625480
1474560
-240240
258048
-2522520
1474560
9959040
20643840
34900320
41287680
-1028160
10321920
-1395360
8257536
0
6881280
0
5898240
0
10321920
0
41287680
0
1032192
0
10321920
-720
92160
-95760
1474560
463680
1474560
665280
589824
-1663200
737280
-17629920
2949120
4656960
737280
21003840
1474560
-2162160
258048
-25225200
1474560
109549440
20643840
418803840
41287680
-13366080
10321920
-19535040
8257536
0
6881280
0
5898240
0
10321920
0
41287680
0
1032192
0
10321920
0
92160
-95760
1474560
927360
1474560
1995840
589824
-6652800
737280
-88149600
2949120
27941760
737280
147026880
1474560
-17297280
258048
-227026800
1474560
1095494400
20643840
4606842240
41287680
-160392960
10321920
-253955520
8257536
0
6881280
0
5898240
0
10321920
0
41287680
0
1032192
0
10321920
0
92160
0
1474560
927360
1474560
3991680
589824
-19958400
737280
-352598400
2949120
139708800
737280
882161280
1474560
-121080960
258048
-1816214400
1474560
9859449600
20643840
46068422400
41287680
-1764322560
10321920
-3047466240
8257536
0
6881280
0
5898240
0
10321920
0
41287680
0
1032192
0
10321920
0
92160
0
1474560
0
1474560
3991680
589824
-39916800
737280
-1057795200
2949120
558835200
737280
4410806400
1474560
-726485760
258048
-12713500800
1474560
78875596800
20643840
414615801600
41287680
-17643225600
10321920
-33522128640
8257536
0
6881280
0
5898240
0
10321920
0
41287680
0
1032192
0
10321920
0
92160
0
1474560
0
1474560
0
589824
-39916800
737280
-2115590400
2949120
1676505600
737280
17643225600
1474560
-3632428800
258048
-76281004800
1474560
552129177600
20643840
3316926412800
41287680
-158789030400
10321920
-335221286400
8257536
-1
371589120
-1
371589120
1
41287680
1
41287680
-1
10321920
-1
10321920
1
4423680
1
4423680
-1
2949120
-1
2949120
1
2949120
1
2949120
-1
4423680
-1
4423680
1
10321920
1
10321920
-1
41287680
-1
41287680
1
371589120
1
371589120
0
371589120
-1
371589120
2
41287680
3
41287680
-4
10321920
-5
10321920
6
4423680
7
4423680
-8
2949120
-9
2949120
10
2949120
11
2949120
-12
4423680
-13
4423680
14
10321920
15
10321920
-16
41287680
-17
41287680
18
371589120
19
371589120
0
371589120
0
371589120
2
41287680
6
41287680
-12
10321920
-20
10321920
30
4423680
42
4423680
-56
2949120
-72
2949120
90
2949120
110
2949120
-132
4423680
-156
4423680
182
10321920
210
10321920
-240
41287680
-272
41287680
306
371589120
342
371589120
0
371589120
0
371589120
0
41287680
6
41287680
-24
10321920
-60
10321920
120
4423680
210
4423680
-336
2949120
-504
2949120
720
2949120
990
2949120
-1320
4423680
-1716
4423680
2184
10321920
2730
10321920
-3360
41287680
-4080
41287680
4896
371589120
5814
371589120
0
371589120
0
371589120
0
41287680
0
41287680
-24
10321920
-120
10321920
360
4423680
840
4423680
-1680
2949120
-3024
2949120
5040
2949120
7920
2949120
-11880
4423680
-17160
4423680
24024
10321920
32760
10321920
-43680
41287680
-57120
41287680
73440
371589120
93024
371589120
0
371589120
0
371589120
0
41287680
0
41287680
0
10321920
-120
10321920
720
4423680
2520
4423680
-6720
2949120
-15120
2949120
30240
2949120
55440
2949120
-95040
4423680
-154440
4423680
240240
10321920
360360
10321920
-524160
41287680
-742560
41287680
1028160
371589120
1395360
371589120
0
371589120
0
371589120
0
41287680
0
41287680
0
10321920
0
10321920
720
4423680
5040
4423680
-20160
2949120
-60480
2949120
151200
2949120
332640
2949120
-665280
4423680
-1235520
4423680
2162160
10321920
3603600
10321920
-5765760
41287680
-8910720
41287680
13366080
371589120
19535040
371589120
0
371589120
0
371589120
0
41287680
0
41287680
0
10321920
0
10321920
0
4423680
5040
4423680
-40320
2949120
-181440
2949120
604800
2949120
1663200
2949120
-3991680
4423680
-8648640
4423680
17297280
10321920
32432400
10321920
-57657600
41287680
-98017920
41287680
160392960
371589120
253955520
371589120
0
371589120
0
371589120
0
41287680
0
41287680
0
10321920
0
10321920
0
4423680
0
4423680
-40320
2949120
-362880
2949120
1814400
2949120
6652800
2949120
-19958400
4423680
-51891840
4423680
121080960
10321920
259459200
10321920
-518918400
41287680
-980179200
41287680
1764322560
371589120
3047466240
371589120
0
371589120
0
371589120
0
41287680
0
41287680
0
10321920
0
10321920
0
4423680
0
4423680
0
2949120
-362880
2949120
3628800
2949120
19958400
2949120
-79833600
4423680
-259459200
4423680
726485760
10321920
1816214400
10321920
-4151347200
41287680
-8821612800
41287680
17643225600
371589120
33522128640
371589120
0
371589120
0
371589120
0
41287680
0
41287680
0
10321920
0
10321920
0
4423680
0
4423680
0
2949120
0
2949120
3628800
2949120
39916800
2949120
-239500800
4423680
-1037836800
4423680
3632428800
10321920
10897286400
10321920
-29059430400
41287680
-70572902400
41287680
158789030400
371589120
335221286400
371589120
