1
2
-969969
524288
0
1
1616615
262144
0
1
-8729721
524288
0
1
2078505
65536
0
1
-11316305
262144
0
1
5555277
131072
0
1
-7834365
262144
0
1
969969
65536
0
1
-2567565
524288
0
1
255255
262144
0
1
-46189
524288
0
2
-969969
524288
0
1
4849845
262144
0
1
-43648605
524288
0
1
14549535
65536
0
1
-101846745
262144
0
1
61108047
131072
0
1
-101846745
262144
0
1
14549535
65536
0
1
-43648605
524288
0
1
4849845
262144
0
1
-969969
524288
0
2
0
524288
0
1
9699690
262144
0
1
-174594420
524288
0
1
87297210
65536
0
1
-814773960
262144
0
1
611080470
131072
0
1
-1222160940
262144
0
1
203693490
65536
0
1
-698377680
524288
0
1
87297210
262144
0
1
-19399380
524288
0
2
0
524288
0
1
9699690
262144
0
1
-523783260
524288
0
1
436486050
65536
0
1
-5703417720
262144
0
1
5499724230
131072
0
1
-13443770340
262144
0
1
2648015370
65536
0
1
-10475665200
524288
0
1
1484052570
262144
0
1
-368588220
524288
0
2
0
524288
0
1
0
262144
0
1
-1047566520
524288
0
1
1745944200
65536
0
1
-34220506320
262144
0
1
43997793840
131072
0
1
-134437703400
262144
0
1
31776184440
65536
0
1
-146659312800
524288
0
1
23744841120
262144
0
1
-6634587960
524288
0
2
0
524288
0
1
0
262144
0
1
-1047566520
524288
0
1
5237832600
65536
0
1
-171102531600
262144
0
1
307984556880
131072
0
1
-1209939330600
262144
0
1
349538028840
65536
0
1
-1906571066400
524288
0
1
356172616800
262144
0
1
-112787995320
524288
0
2
0
524288
0
1
0
262144
0
1
0
524288
0
1
10475665200
65536
0
1
-684410126400
262144
0
1
1847907341280
131072
0
1
-9679514644800
262144
0
1
3495380288400
65536
0
1
-22878852796800
524288
0
1
4986416635200
262144
0
1
-1804607925120
524288
0
2
0
524288
0
1
0
262144
0
1
0
524288
0
1
10475665200
65536
0
1
-2053230379200
262144
0
1
9239536706400
131072
0
1
-67756602513600
262144
0
1
31458422595600
65536
0
1
-251667380764800
524288
0
1
64823416257600
262144
0
1
-27069118876800
524288
0
2
0
524288
0
1
0
262144
0
1
0
524288
0
1
0
65536
0
1
-4106460758400
262144
0
1
36958146825600
131072
0
1
-406539615081600
262144
0
1
251667380764800
65536
0
1
-2516673807648000
524288
0
1
777880995091200
262144
0
1
-378967664275200
524288
0
2
0
524288
0
1
0
262144
0
1
0
524288
0
1
0
65536
0
1
-4106460758400
262144
0
1
110874440476800
131072
0
1
-2032698075408000
262144
0
1
1761671665353600
65536
0
1
-22650064268832000
524288
0
1
8556690946003200
262144
0
1
-4926579635577600
524288
0
2
0
524288
0
1
0
262144
0
1
0
524288
0
1
0
65536
0
1
0
262144
0
1
221748880953600
131072
0
1
-8130792301632000
262144
0
1
10570029992121600
65536
0
1
-181200514150656000
524288
0
1
85566909460032000
262144
0
1
-59118955626931200
524288
0
2
0
524288
0
1
0
262144
0
1
0
524288
0
1
0
65536
0
1
0
262144
0
1
221748880953600
131072
0
1
-24392376904896000
262144
0
1
52850149960608000
65536
0
1
-1268403599054592000
524288
0
1
770102185140288000
262144
0
1
-650308511896243200
524288
215955
524288
-707825
524288
-230945
262144
1616615
262144
692835
524288
-8729721
524288
-138567
65536
2078505
65536
692835
262144
-11316305
262144
-323323
131072
5555277
131072
440895
262144
-7834365
262144
-53295
65536
969969
65536
138567
524288
-2567565
524288
-13585
262144
255255
262144
2431
524288
-46189
524288
0
524288
-707825
524288
-461890
262144
4849845
262144
2771340
524288
-43648605
524288
-831402
65536
14549535
65536
5542680
262144
-101846745
262144
-3233230
131072
61108047
131072
5290740
262144
-101846745
262144
-746130
65536
14549535
65536
2217072
524288
-43648605
524288
-244530
262144
4849845
262144
48620
524288
-969969
524288
0
524288
0
524288
-461890
262144
9699690
262144
8314020
524288
-174594420
524288
-4157010
65536
87297210
65536
38798760
262144
-814773960
262144
-29099070
131072
611080470
131072
58198140
262144
-1222160940
262144
-9699690
65536
203693490
65536
33256080
524288
-698377680
524288
-4157010
262144
87297210
262144
923780
524288
-19399380
524288
0
524288
0
524288
0
262144
9699690
262144
16628040
524288
-523783260
524288
-16628040
65536
436486050
65536
232792560
262144
-5703417720
262144
-232792560
131072
5499724230
131072
581981400
262144
-13443770340
262144
-116396280
65536
2648015370
65536
465585120
524288
-10475665200
524288
-66512160
262144
1484052570
262144
16628040
524288
-368588220
524288
0
524288
0
524288
0
262144
0
262144
16628040
524288
-1047566520
524288
-49884120
65536
1745944200
65536
1163962800
262144
-34220506320
262144
-1629547920
131072
43997793840
131072
5237832600
262144
-134437703400
262144
-1280359080
65536
31776184440
65536
6052606560
524288
-146659312800
524288
-997682400
262144
23744841120
262144
282676680
524288
-6634587960
524288
0
524288
0
524288
0
262144
0
262144
0
524288
-1047566520
524288
-99768240
65536
5237832600
65536
4655851200
262144
-171102531600
262144
-9777287520
131072
307984556880
131072
41902660800
262144
-1209939330600
262144
-12803590800
65536
349538028840
65536
72631278720
524288
-1906571066400
524288
-13967553600
262144
356172616800
262144
4522826880
524288
-112787995320
524288
0
524288
0
524288
0
262144
0
262144
0
524288
0
524288
-99768240
65536
10475665200
65536
13967553600
262144
-684410126400
262144
-48886437600
131072
1847907341280
131072
293318625600
262144
-9679514644800
262144
-115232317200
65536
3495380288400
65536
798944065920
524288
-22878852796800
524288
-181578196800
262144
4986416635200
262144
67842403200
524288
-1804607925120
524288
0
524288
0
524288
0
262144
0
262144
0
524288
0
524288
0
65536
10475665200
65536
27935107200
262144
-2053230379200
262144
-195545750400
131072
9239536706400
131072
1759911753600
262144
-67756602513600
262144
-921858537600
65536
31458422595600
65536
7989440659200
524288
-251667380764800
524288
-2178938361600
262144
64823416257600
262144
949793644800
524288
-27069118876800
524288
0
524288
0
524288
0
262144
0
262144
0
524288
0
524288
0
65536
0
65536
27935107200
262144
-4106460758400
262144
-586637251200
131072
36958146825600
131072
8799558768000
262144
-406539615081600
262144
-6453009763200
65536
251667380764800
65536
71904965932800
524288
-2516673807648000
524288
-23968321977600
262144
777880995091200
262144
12347317382400
524288
-378967664275200
524288
0
524288
0
524288
0
262144
0
262144
0
524288
0
524288
0
65536
0
65536
0
262144
-4106460758400
262144
-1173274502400
131072
110874440476800
131072
35198235072000
262144
-2032698075408000
262144
-38718058579200
65536
1761671665353600
65536
575239727462400
524288
-22650064268832000
524288
-239683219776000
262144
8556690946003200
262144
148167808588800
524288
-4926579635577600
524288
0
524288
0
524288
0
262144
0
262144
0
524288
0
524288
0
65536
0
65536
0
262144
0
262144
-1173274502400
131072
221748880953600
131072
105594705216000
262144
-8130792301632000
262144
-193590292896000
65536
10570029992121600
65536
4026678092236800
524288
-181200514150656000
524288
-2157148977984000
262144
85566909460032000
262144
1629845894476800
524288
-59118955626931200
524288
0
524288
0
524288
0
262144
0
262144
0
524288
0
524288
0
65536
0
65536
0
262144
0
262144
0
131072
221748880953600
131072
211189410432000
262144
-24392376904896000
262144
-774361171584000
65536
52850149960608000
65536
24160068553420800
524288
-1268403599054592000
524288
-17257191823872000
262144
770102185140288000
262144
16298458944768000
524288
-650308511896243200
524288
84883
524288
-245935
524288
-165409
262144
692835
262144
692835
524288
-4018443
524288
-138567
65536
969969
65536
692835
262144
-5311735
262144
-323323
131072
2615977
131072
440895
262144
-3696735
262144
-53295
65536
458337
65536
138567
524288
-1214499
524288
-13585
262144
120835
262144
2431
524288
-21879
524288
0
524288
-245935
524288
-330818
262144
2078505
262144
2771340
524288
-20092215
524288
-831402
65536
6789783
65536
5542680
262144
-47805615
262144
-3233230
131072
28775747
131072
5290740
262144
-48057555
262144
-746130
65536
6875055
65536
2217072
524288
-20646483
524288
-244530
262144
2295865
262144
48620
524288
-459459
524288
0
524288
0
524288
-330818
262144
4157010
262144
8314020
524288
-80368860
524288
-4157010
65536
40738698
65536
38798760
262144
-382444920
262144
-29099070
131072
287757470
131072
58198140
262144
-576690660
262144
-9699690
65536
96250770
65536
33256080
524288
-330343728
524288
-4157010
262144
41325570
262144
923780
524288
-9189180
524288
0
524288
0
524288
0
262144
4157010
262144
16628040
524288
-241106580
524288
-16628040
65536
203693490
65536
232792560
262144
-2677114440
262144
-232792560
131072
2589817230
131072
581981400
262144
-6343597260
262144
-116396280
65536
1251260010
65536
465585120
524288
-4955155920
524288
-66512160
262144
702534690
262144
16628040
524288
-174594420
524288
0
524288
0
524288
0
262144
0
262144
16628040
524288
-482213160
524288
-49884120
65536
814773960
65536
1163962800
262144
-16062686640
262144
-1629547920
131072
20718537840
131072
5237832600
262144
-63435972600
262144
-1280359080
65536
15015120120
65536
6052606560
524288
-69372182880
524288
-997682400
262144
11240555040
262144
282676680
524288
-3142699560
524288
0
524288
0
524288
0
262144
0
262144
0
524288
-482213160
524288
-99768240
65536
2444321880
65536
4655851200
262144
-80313433200
262144
-9777287520
131072
145029764880
131072
41902660800
262144
-570923753400
262144
-12803590800
65536
165166321320
65536
72631278720
524288
-901838377440
524288
-13967553600
262144
168608325600
262144
4522826880
524288
-53425892520
524288
0
524288
0
524288
0
262144
0
262144
0
524288
0
524288
-99768240
65536
4888643760
65536
13967553600
262144
-321253732800
262144
-48886437600
131072
870178589280
131072
293318625600
262144
-4567390027200
262144
-115232317200
65536
1651663213200
65536
798944065920
524288
-10822060529280
524288
-181578196800
262144
2360516558400
262144
67842403200
524288
-854814280320
524288
0
524288
0
524288
0
262144
0
262144
0
524288
0
524288
0
65536
4888643760
65536
27935107200
262144
-963761198400
262144
-195545750400
131072
4350892946400
131072
1759911753600
262144
-31971730190400
262144
-921858537600
65536
14864968918800
65536
7989440659200
524288
-119042665822080
524288
-2178938361600
262144
30686715259200
262144
949793644800
524288
-12822214204800
524288
0
524288
0
524288
0
262144
0
262144
0
524288
0
524288
0
65536
0
65536
27935107200
262144
-1927522396800
262144
-586637251200
131072
17403571785600
131072
8799558768000
262144
-191830381142400
262144
-6453009763200
65536
118919751350400
65536
71904965932800
524288
-1190426658220800
524288
-23968321977600
262144
368240583110400
262144
12347317382400
524288
-179510998867200
524288
0
524288
0
524288
0
262144
0
262144
0
524288
0
524288
0
65536
0
65536
0
262144
-1927522396800
262144
-1173274502400
131072
52210715356800
131072
35198235072000
262144
-959151905712000
262144
-38718058579200
65536
832438259452800
65536
575239727462400
524288
-10713839923987200
524288
-239683219776000
262144
4050646414214400
262144
148167808588800
524288
-2333642985273600
524288
0
524288
0
524288
0
262144
0
262144
0
524288
0
524288
0
65536
0
65536
0
262144
0
262144
-1173274502400
131072
104421430713600
131072
105594705216000
262144
-3836607622848000
262144
-193590292896000
65536
4994629556716800
65536
4026678092236800
524288
-85710719391897600
524288
-2157148977984000
262144
40506464142144000
262144
1629845894476800
524288
-28003715823283200
524288
0
524288
0
524288
0
262144
0
262144
0
524288
0
524288
0
65536
0
65536
0
262144
0
262144
0
131072
104421430713600
131072
211189410432000
262144
-11509822868544000
262144
-774361171584000
65536
24973147783584000
65536
24160068553420800
524288
-599975035743283200
524288
-17257191823872000
262144
364558177279296000
262144
16298458944768000
524288
-308040874056115200
524288
15751
393216
-13421
131072
-28007
131072
263713
393216
36465
65536
-138567
65536
-31603
32768
138567
32768
80223
65536
-1154725
196608
-75361
65536
382109
65536
38675
49152
-33915
8192
-12495
32768
67507
32768
16269
131072
-89661
131072
-9581
393216
17875
131072
143
65536
-2431
196608
0
393216
-13421
131072
-56014
131072
791139
393216
145860
65536
-692835
65536
-189618
32768
969969
32768
641784
65536
-10392525
196608
-753610
65536
4203199
65536
464100
49152
-440895
8192
-174930
32768
1012605
32768
260304
131072
-1524237
131072
-172458
393216
339625
131072
2860
65536
-51051
196608
0
393216
0
131072
-56014
131072
1582278
393216
437580
65536
-2771340
65536
-948090
32768
5819814
32768
4492488
65536
-83140200
196608
-6782490
65536
42031990
65536
5105100
49152
-5290740
8192
-2274090
32768
14176470
32768
3904560
131072
-24387792
131072
-2931786
393216
6113250
131072
54340
65536
-1021020
196608
0
393216
0
131072
0
131072
1582278
393216
875160
65536
-8314020
65536
-3792360
32768
29099070
32768
26954928
65536
-581981400
196608
-54259920
65536
378287910
65536
51051000
49152
-58198140
8192
-27289080
32768
184294110
32768
54663840
131072
-365816880
131072
-46908576
393216
103925250
131072
978120
65536
-19399380
196608
0
393216
0
131072
0
131072
0
393216
875160
65536
-16628040
65536
-11377080
32768
116396280
32768
134774640
65536
-3491888400
196608
-379819440
65536
3026303280
65536
459459000
49152
-581981400
8192
-300179880
32768
2211529320
32768
710629920
131072
-5121436320
131072
-703628640
393216
1662804000
131072
16628040
65536
-349188840
196608
0
393216
0
131072
0
131072
0
393216
0
65536
-16628040
65536
-22754160
32768
349188840
32768
539098560
65536
-17459442000
196608
-2278916640
65536
21184122960
65536
3675672000
49152
-5237832600
8192
-3001798800
32768
24326822520
32768
8527559040
131072
-66578672160
131072
-9850800960
393216
24942060000
131072
266048640
65536
-5936210280
196608
0
393216
0
131072
0
131072
0
393216
0
65536
0
65536
-22754160
32768
698377680
32768
1617295680
65536
-69837768000
196608
-11394583200
65536
127104737760
65536
25729704000
49152
-41902660800
8192
-27016189200
32768
243268225200
32768
93803149440
131072
-798944065920
131072
-128060412480
393216
349188840000
131072
3990729600
65536
-94979364480
196608
0
393216
0
131072
0
131072
0
393216
0
65536
0
65536
0
32768
698377680
32768
3234591360
65536
-209513304000
196608
-45578332800
65536
635523688800
65536
154378224000
49152
-293318625600
8192
-216129513600
32768
2189414026800
32768
938031494400
131072
-8788384725120
131072
-1536724949760
393216
4539454920000
131072
55870214400
65536
-1424690467200
196608
0
393216
0
131072
0
131072
0
393216
0
65536
0
65536
0
32768
0
32768
3234591360
65536
-419026608000
196608
-136734998400
65536
2542094755200
65536
771891120000
49152
-1759911753600
8192
-1512906595200
32768
17515312214400
32768
8442283449600
131072
-87883847251200
131072
-16903974447360
393216
54473459040000
131072
726312787200
65536
-19945666540800
196608
0
393216
0
131072
0
131072
0
393216
0
65536
0
65536
0
32768
0
32768
0
65536
-419026608000
196608
-273469996800
65536
7626284265600
65536
3087564480000
49152
-8799558768000
8192
-9077439571200
32768
122607185500800
32768
67538267596800
131072
-790954625260800
131072
-169039744473600
393216
599208049440000
131072
8715753446400
65536
-259293665030400
196608
0
393216
0
131072
0
131072
0
393216
0
65536
0
65536
0
32768
0
32768
0
65536
0
196608
-273469996800
65536
15252568531200
65536
9262693440000
49152
-35198235072000
8192
-45387197856000
32768
735643113004800
32768
472767873177600
131072
-6327637002086400
131072
-1521357700262400
393216
5992080494400000
131072
95873287910400
65536
-3111523980364800
196608
0
393216
0
131072
0
131072
0
393216
0
65536
0
65536
0
32768
0
32768
0
65536
0
196608
0
65536
15252568531200
65536
18525386880000
49152
-105594705216000
8192
-181548791424000
32768
3678215565024000
32768
2836607239065600
131072
-44293459014604800
131072
-12170861602099200
393216
53928724449600000
131072
958732879104000
65536
-34226763784012800
196608
10889
1572864
-383
24576
-35401
786432
44923
393216
215093
1572864
-51051
131072
-17017
65536
26741
32768
89947
262144
-114257
98304
-128843
393216
76687
65536
177905
786432
-164815
196608
-7225
65536
13753
32768
18887
524288
-4587
32768
-1859
262144
11011
393216
1001
1572864
-1001
393216
0
1572864
-383
24576
-70802
786432
134769
393216
860372
1572864
-255255
131072
-102102
65536
187187
32768
719576
262144
-1028313
98304
-1288430
393216
843557
65536
2134860
786432
-2142595
196608
-101150
65536
206295
32768
302192
524288
-77979
32768
-33462
262144
209209
393216
20020
1572864
-21021
393216
0
1572864
0
24576
-70802
786432
269538
393216
2581116
1572864
-1021020
131072
-510510
65536
1123122
32768
5037032
262144
-8226504
98304
-11595870
393216
8435570
65536
23483460
786432
-25711140
196608
-1314950
65536
2888130
32768
4532880
524288
-1247664
32768
-568854
262144
3765762
393216
380380
1572864
-420420
393216
0
1572864
0
24576
0
786432
269538
393216
5162232
1572864
-3063060
131072
-2042040
65536
5615610
32768
30222192
262144
-57585528
98304
-92766960
393216
75920130
65536
234834600
786432
-282822540
196608
-15779400
65536
37545690
32768
63460320
524288
-18714960
32768
-9101664
262144
64017954
393216
6846840
1572864
-7987980
393216
0
1572864
0
24576
0
786432
0
393216
5162232
1572864
-6126120
131072
-6126120
65536
22462440
32768
151110960
262144
-345513168
98304
-649368720
393216
607361040
65536
2113511400
786432
-2828225400
196608
-173573400
65536
450548280
32768
824984160
524288
-262009440
32768
-136524960
262144
1024287264
393216
116396280
1572864
-143783640
393216
0
1572864
0
24576
0
786432
0
393216
0
1572864
-6126120
131072
-12252240
65536
67387320
32768
604443840
262144
-1727565840
98304
-3896212320
393216
4251527280
65536
16908091200
786432
-25454028600
196608
-1735734000
65536
4956031080
32768
9899809920
524288
-3406122720
32768
-1911349440
262144
15364308960
393216
1862340480
1572864
-2444321880
393216
0
1572864
0
24576
0
786432
0
393216
0
1572864
0
131072
-12252240
65536
134774640
32768
1813331520
262144
-6910263360
98304
-19481061600
393216
25509163680
65536
118356638400
786432
-203632228800
196608
-15621606000
65536
49560310800
32768
108897909120
524288
-40873472640
32768
-24847542720
262144
215100325440
393216
27935107200
1572864
-39109150080
393216
0
1572864
0
24576
0
786432
0
393216
0
1572864
0
131072
0
65536
134774640
32768
3626663040
262144
-20730790080
98304
-77924246400
393216
127545818400
65536
710139830400
786432
-1425425601600
196608
-124972848000
65536
446042797200
32768
1088979091200
524288
-449608199040
32768
-298170512640
262144
2796304230720
393216
391091500800
1572864
-586637251200
393216
0
1572864
0
24576
0
786432
0
393216
0
1572864
0
131072
0
65536
0
32768
3626663040
262144
-41461580160
98304
-233772739200
393216
510183273600
65536
3550699152000
786432
-8552553609600
196608
-874809936000
65536
3568342377600
32768
9800811820800
524288
-4496081990400
32768
-3279875639040
262144
33555650768640
393216
5084189510400
1572864
-8212921516800
393216
0
1572864
0
24576
0
786432
0
393216
0
1572864
0
131072
0
65536
0
32768
0
262144
-41461580160
98304
-467545478400
393216
1530549820800
65536
14202796608000
786432
-42762768048000
196608
-5248859616000
65536
24978396643200
32768
78406494566400
524288
-40464737913600
32768
-32798756390400
262144
369112158455040
393216
61010274124800
1572864
-106767979718400
393216
0
1572864
0
24576
0
786432
0
393216
0
1572864
0
131072
0
65536
0
32768
0
262144
0
98304
-467545478400
393216
3061099641600
65536
42608389824000
786432
-171051072192000
196608
-26244298080000
65536
149870379859200
32768
548845461964800
524288
-323717903308800
32768
-295188807513600
262144
3691121584550400
393216
671113015372800
1572864
-1281215756620800
393216
0
1572864
0
24576
0
786432
0
393216
0
1572864
0
131072
0
65536
0
32768
0
262144
0
98304
0
393216
3061099641600
65536
85216779648000
786432
-513153216576000
196608
-104977192320000
65536
749351899296000
32768
3293072771788800
524288
-2266025323161600
32768
-2361510460108800
262144
33220094260953600
393216
6711130153728000
1572864
-14093373322828800
393216
459
524288
-4541
2621440
-1709
262144
10889
786432
34913
1572864
-397519
7864320
-3003
65536
7293
65536
16731
262144
-128843
786432
-123409
1966080
331279
1966080
34645
786432
-96271
786432
-4265
196608
20281
327680
3743
524288
-10901
524288
-1111
786432
3289
786432
1001
7864320
-1001
2621440
0
524288
-4541
2621440
-3418
262144
32667
786432
139652
1572864
-1987595
7864320
-18018
65536
51051
65536
133848
262144
-1159587
786432
-1234090
1966080
3644069
1966080
415740
786432
-1251523
786432
-59710
196608
304215
327680
59888
524288
-185317
524288
-19998
786432
62491
786432
20020
7864320
-21021
2621440
0
524288
0
2621440
-3418
262144
65334
786432
418956
1572864
-7950380
7864320
-90090
65536
306306
65536
936936
262144
-9276696
786432
-11106810
1966080
36440690
1966080
4573140
786432
-15018276
786432
-776230
196608
4259010
327680
898320
524288
-2965072
524288
-339966
786432
1124838
786432
380380
7864320
-420420
2621440
0
524288
0
2621440
0
262144
65334
786432
837912
1572864
-23851140
7864320
-360360
65536
1531530
65536
5621616
262144
-64936872
786432
-88854480
1966080
327966210
1966080
45731400
786432
-165201036
786432
-9314760
196608
55367130
327680
12576480
524288
-44476080
524288
-5439456
786432
19122246
786432
6846840
7864320
-7987980
2621440
0
524288
0
2621440
0
262144
0
786432
837912
1572864
-47702280
7864320
-1081080
65536
6126120
65536
28108080
262144
-389621232
786432
-621981360
1966080
2623729680
1966080
411582600
786432
-1652010360
786432
-102462360
196608
664405560
327680
163494240
524288
-622665120
524288
-81591840
786432
305955936
786432
116396280
7864320
-143783640
2621440
0
524288
0
2621440
0
262144
0
786432
0
1572864
-47702280
7864320
-2162160
65536
18378360
65536
112432320
262144
-1948106160
786432
-3731888160
1966080
18366107760
1966080
3292660800
786432
-14868093240
786432
-1024623600
196608
7308461160
327680
1961930880
524288
-8094646560
524288
-1142285760
786432
4589339040
786432
1862340480
7864320
-2444321880
2621440
0
524288
0
2621440
0
262144
0
786432
0
1572864
0
7864320
-2162160
65536
36756720
65536
337296960
262144
-7792424640
786432
-18659440800
1966080
110196646560
1966080
23048625600
786432
-118944745920
786432
-9221612400
196608
73084611600
327680
21581239680
524288
-97135758720
524288
-14849714880
786432
64250746560
786432
27935107200
7864320
-39109150080
2621440
0
524288
0
2621440
0
262144
0
786432
0
1572864
0
7864320
0
65536
36756720
65536
674593920
262144
-23377273920
786432
-74637763200
1966080
550983232800
1966080
138291753600
786432
-832613221440
786432
-73772899200
196608
657761504400
327680
215812396800
524288
-1068493345920
524288
-178196578560
786432
835259705280
786432
391091500800
7864320
-586637251200
2621440
0
524288
0
2621440
0
262144
0
786432
0
1572864
0
7864320
0
65536
0
65536
674593920
262144
-46754547840
786432
-223913289600
1966080
2203932931200
1966080
691458768000
786432
-4995679328640
786432
-516410294400
196608
5262092035200
327680
1942311571200
524288
-10684933459200
524288
-1960162364160
786432
10023116463360
786432
5084189510400
7864320
-8212921516800
2621440
0
524288
0
2621440
0
262144
0
786432
0
1572864
0
7864320
0
65536
0
65536
0
262144
-46754547840
786432
-447826579200
1966080
6611798793600
1966080
2765835072000
786432
-24978396643200
786432
-3098461766400
196608
36834644246400
327680
15538492569600
524288
-96164401132800
524288
-19601623641600
786432
110254281096960
786432
61010274124800
7864320
-106767979718400
2621440
0
524288
0
2621440
0
262144
0
786432
0
1572864
0
7864320
0
65536
0
65536
0
262144
0
786432
-447826579200
1966080
13223597587200
1966080
8297505216000
786432
-99913586572800
786432
-15492308832000
196608
221007865478400
327680
108769447987200
524288
-769315209062400
524288
-176414612774400
786432
1102542810969600
786432
671113015372800
7864320
-1281215756620800
2621440
0
524288
0
2621440
0
262144
0
786432
0
1572864
0
7864320
0
65536
0
65536
0
262144
0
786432
0
1966080
13223597587200
1966080
16595010432000
786432
-299740759718400
786432
-61969235328000
196608
1105039327392000
327680
652616687923200
524288
-5385206463436800
524288
-1411316902195200
786432
9922885298726400
786432
6711130153728000
7864320
-14093373322828800
2621440
647
7864320
-1123
7864320
-177
262144
2881
2359296
3943
1572864
-37159
7864320
-16399
2949120
715
65536
2145
262144
-39325
2359296
-3289
393216
6929
393216
14209
2359296
-10271
786432
-593
196608
19759
2949120
2633
2621440
-1193
524288
-473
2359296
121
262144
143
7864320
-1001
23592960
0
7864320
-1123
7864320
-354
262144
8643
2359296
15772
1572864
-185795
7864320
-98394
2949120
5005
65536
17160
262144
-353925
2359296
-32890
393216
76219
393216
170508
2359296
-133523
786432
-8302
196608
296385
2949120
42128
2621440
-20281
524288
-8514
2359296
2299
262144
2860
7864320
-21021
23592960
0
7864320
0
7864320
-354
262144
17286
2359296
47316
1572864
-743180
7864320
-491970
2949120
30030
65536
120120
262144
-2831400
2359296
-296010
393216
762190
393216
1875588
2359296
-1602276
786432
-107926
196608
4149390
2949120
631920
2621440
-324496
524288
-144738
2359296
41382
262144
54340
7864320
-420420
23592960
0
7864320
0
7864320
0
262144
17286
2359296
94632
1572864
-2229540
7864320
-1967880
2949120
150150
65536
720720
262144
-19819800
2359296
-2368080
393216
6859710
393216
18755880
2359296
-17625036
786432
-1295112
196608
53942070
2949120
8846880
2621440
-4867440
524288
-2315808
2359296
703494
262144
978120
7864320
-7987980
23592960
0
7864320
0
7864320
0
262144
0
2359296
94632
1572864
-4459080
7864320
-5903640
2949120
600600
65536
3603600
262144
-118918800
2359296
-16576560
393216
54877680
393216
168802920
2359296
-176250360
786432
-14246232
196608
647304840
2949120
115009440
2621440
-68144160
524288
-34737120
2359296
11255904
262144
16628040
7864320
-143783640
23592960
0
7864320
0
7864320
0
262144
0
2359296
0
1572864
-4459080
7864320
-11807280
2949120
1801800
65536
14414400
262144
-594594000
2359296
-99459360
393216
384143760
393216
1350423360
2359296
-1586253240
786432
-142462320
196608
7120353240
2949120
1380113280
2621440
-885874080
524288
-486319680
2359296
168838560
262144
266048640
7864320
-2444321880
23592960
0
7864320
0
7864320
0
262144
0
2359296
0
1572864
0
7864320
-11807280
2949120
3603600
65536
43243200
262144
-2378376000
2359296
-497296800
393216
2304862560
393216
9452963520
2359296
-12690025920
786432
-1282160880
196608
71203532400
2949120
15181246080
2621440
-10630488960
524288
-6322155840
2359296
2363739840
262144
3990729600
7864320
-39109150080
23592960
0
7864320
0
7864320
0
262144
0
2359296
0
1572864
0
7864320
0
2949120
3603600
65536
86486400
262144
-7135128000
2359296
-1989187200
393216
11524312800
393216
56717781120
2359296
-88830181440
786432
-10257287040
196608
640831791600
2949120
151812460800
2621440
-116935378560
524288
-75865870080
2359296
30728617920
262144
55870214400
7864320
-586637251200
23592960
0
7864320
0
7864320
0
262144
0
2359296
0
1572864
0
7864320
0
2949120
0
65536
86486400
262144
-14270256000
2359296
-5967561600
393216
46097251200
393216
283588905600
2359296
-532981088640
786432
-71801009280
196608
5126654332800
2949120
1366312147200
2621440
-1169353785600
524288
-834524570880
2359296
368743415040
262144
726312787200
7864320
-8212921516800
23592960
0
7864320
0
7864320
0
262144
0
2359296
0
1572864
0
7864320
0
2949120
0
65536
0
262144
-14270256000
2359296
-11935123200
393216
138291753600
393216
1134355622400
2359296
-2664905443200
786432
-430806055680
196608
35886580329600
2949120
10930497177600
2621440
-10524184070400
524288
-8345245708800
2359296
4056177565440
262144
8715753446400
7864320
-106767979718400
23592960
0
7864320
0
7864320
0
262144
0
2359296
0
1572864
0
7864320
0
2949120
0
65536
0
262144
0
2359296
-11935123200
393216
276583507200
393216
3403066867200
2359296
-10659621772800
786432
-2154030278400
196608
215319481977600
2949120
76513480243200
2621440
-84193472563200
524288
-75107211379200
2359296
40561775654400
262144
95873287910400
7864320
-1281215756620800
23592960
0
7864320
0
7864320
0
262144
0
2359296
0
1572864
0
7864320
0
2949120
0
65536
0
262144
0
2359296
0
393216
276583507200
393216
6806133734400
2359296
-31978865318400
786432
-8616121113600
196608
1076597409888000
2949120
459080881459200
2621440
-589354307942400
524288
-600857691033600
2359296
365055980889600
262144
958732879104000
7864320
-14093373322828800
23592960
47
8257536
-17
1966080
-37
737280
23
294912
235
1179648
-623
1966080
-173
368640
493
645120
143
196608
-715
589824
-143
184320
65
49152
1703
2949120
-593
589824
-17
57344
97
184320
593
5898240
-119
655360
-1
49152
11
294912
11
5898240
-143
41287680
0
8257536
-17
1966080
-74
737280
69
294912
940
1179648
-3115
1966080
-1038
368640
3451
645120
1144
196608
-6435
589824
-1430
184320
715
49152
20436
2949120
-7709
589824
-238
57344
1455
184320
9488
5898240
-2023
655360
-18
49152
209
294912
220
5898240
-3003
41287680
0
8257536
0
1966080
-74
737280
138
294912
2820
1179648
-12460
1966080
-5190
368640
20706
645120
8008
196608
-51480
589824
-12870
184320
7150
49152
224796
2949120
-92508
589824
-3094
57344
20370
184320
142320
5898240
-32368
655360
-306
49152
3762
294912
4180
5898240
-60060
41287680
0
8257536
0
1966080
0
737280
138
294912
5640
1179648
-37380
1966080
-20760
368640
103530
645120
48048
196608
-360360
589824
-102960
184320
64350
49152
2247960
2949120
-1017588
589824
-37128
57344
264810
184320
1992480
5898240
-485520
655360
-4896
49152
63954
294912
75240
5898240
-1141140
41287680
0
8257536
0
1966080
0
737280
0
294912
5640
1179648
-74760
1966080
-62280
368640
414120
645120
240240
196608
-2162160
589824
-720720
184320
514800
49152
20231640
2949120
-10175880
589824
-408408
57344
3177720
184320
25902240
5898240
-6797280
655360
-73440
49152
1023264
294912
1279080
5898240
-20540520
41287680
0
8257536
0
1966080
0
737280
0
294912
0
1179648
-74760
1966080
-124560
368640
1242360
645120
960960
196608
-10810800
589824
-4324320
184320
3603600
49152
161853120
2949120
-91582920
589824
-4084080
57344
34954920
184320
310826880
5898240
-88364640
655360
-1028160
49152
15348960
294912
20465280
5898240
-349188840
41287680
0
8257536
0
1966080
0
737280
0
294912
0
1179648
0
1966080
-124560
368640
2484720
645120
2882880
196608
-43243200
589824
-21621600
184320
21621600
49152
1132971840
2949120
-732663360
589824
-36756720
57344
349549200
184320
3419095680
5898240
-1060375680
655360
-13366080
49152
214885440
294912
306979200
5898240
-5587021440
41287680
0
8257536
0
1966080
0
737280
0
294912
0
1179648
0
1966080
0
368640
2484720
645120
5765760
196608
-129729600
589824
-86486400
184320
108108000
49152
6797831040
2949120
-5128643520
589824
-294053760
57344
3145942800
184320
34190956800
5898240
-11664132480
655360
-160392960
49152
2793510720
294912
4297708800
5898240
-83805321600
41287680
0
8257536
0
1966080
0
737280
0
294912
0
1179648
0
1966080
0
368640
0
645120
5765760
196608
-259459200
589824
-259459200
184320
432432000
49152
33989155200
2949120
-30771861120
589824
-2058376320
57344
25167542400
184320
307718611200
5898240
-116641324800
655360
-1764322560
49152
33522128640
294912
55870214400
5898240
-1173274502400
41287680
0
8257536
0
1966080
0
737280
0
294912
0
1179648
0
1966080
0
368640
0
645120
0
196608
-259459200
589824
-518918400
184320
1297296000
49152
135956620800
2949120
-153859305600
589824
-12350257920
57344
176172796800
184320
2461748889600
5898240
-1049771923200
655360
-17643225600
49152
368743415040
294912
670442572800
5898240
-15252568531200
41287680
0
8257536
0
1966080
0
737280
0
294912
0
1179648
0
1966080
0
368640
0
645120
0
196608
0
589824
-518918400
184320
2594592000
49152
407869862400
2949120
-615437222400
589824
-61751289600
57344
1057036780800
184320
17232242227200
5898240
-8398175385600
655360
-158789030400
49152
3687434150400
294912
7374868300800
5898240
-183030822374400
41287680
0
8257536
0
1966080
0
737280
0
294912
0
1179648
0
1966080
0
368640
0
645120
0
196608
0
589824
0
184320
2594592000
49152
815739724800
2949120
-1846311667200
589824
-247005158400
57344
5285183904000
184320
103393453363200
5898240
-58787227699200
655360
-1270312243200
49152
33186907353600
294912
73748683008000
5898240
-2013339046118400
41287680
23
82575360
-61
165150720
-107
41287680
41
11796480
179
16515072
-347
23592960
-277
10321920
761
20643840
257
5898240
-143
2359296
-143
2949120
403
5898240
221
5898240
-631
11796480
-41
2064384
593
20643840
571
82575360
-239
23592960
-59
41287680
5
2359296
11
82575360
-11
55050240
0
82575360
-61
165150720
-214
41287680
123
11796480
716
16515072
-1735
23592960
-1662
10321920
5327
20643840
2056
5898240
-1287
2359296
-1430
2949120
4433
5898240
2652
5898240
-8203
11796480
-574
2064384
8895
20643840
9136
82575360
-4063
23592960
-1062
41287680
95
2359296
220
82575360
-231
55050240
0
82575360
0
165150720
-214
41287680
246
11796480
2148
16515072
-6940
23592960
-8310
10321920
31962
20643840
14392
5898240
-10296
2359296
-12870
2949120
44330
5898240
29172
5898240
-98436
11796480
-7462
2064384
124530
20643840
137040
82575360
-65008
23592960
-18054
41287680
1710
2359296
4180
82575360
-4620
55050240
0
82575360
0
165150720
0
41287680
246
11796480
4296
16515072
-20820
23592960
-33240
10321920
159810
20643840
86352
5898240
-72072
2359296
-102960
2949120
398970
5898240
291720
5898240
-1082796
11796480
-89544
2064384
1618890
20643840
1918560
82575360
-975120
23592960
-288864
41287680
29070
2359296
75240
82575360
-87780
55050240
0
82575360
0
165150720
0
41287680
0
11796480
4296
16515072
-41640
23592960
-99720
10321920
639240
20643840
431760
5898240
-432432
2359296
-720720
2949120
3191760
5898240
2625480
5898240
-10827960
11796480
-984984
2064384
19426680
20643840
24941280
82575360
-13651680
23592960
-4332960
41287680
465120
2359296
1279080
82575360
-1580040
55050240
0
82575360
0
165150720
0
41287680
0
11796480
0
16515072
-41640
23592960
-199440
10321920
1917720
20643840
1727040
5898240
-2162160
2359296
-4324320
2949120
22342320
5898240
21003840
5898240
-97451640
11796480
-9849840
2064384
213693480
20643840
299295360
82575360
-177471840
23592960
-60661440
41287680
6976800
2359296
20465280
82575360
-26860680
55050240
0
82575360
0
165150720
0
41287680
0
11796480
0
16515072
0
23592960
-199440
10321920
3835440
20643840
5181120
5898240
-8648640
2359296
-21621600
2949120
134053920
5898240
147026880
5898240
-779613120
11796480
-88648560
2064384
2136934800
20643840
3292248960
82575360
-2129662080
23592960
-788598720
41287680
97675200
2359296
306979200
82575360
-429770880
55050240
0
82575360
0
165150720
0
41287680
0
11796480
0
16515072
0
23592960
0
10321920
3835440
20643840
10362240
5898240
-25945920
2359296
-86486400
2949120
670269600
5898240
882161280
5898240
-5457291840
11796480
-709188480
2064384
19232413200
20643840
32922489600
82575360
-23426282880
23592960
-9463184640
41287680
1269777600
2359296
4297708800
82575360
-6446563200
55050240
0
82575360
0
165150720
0
41287680
0
11796480
0
16515072
0
23592960
0
10321920
0
20643840
10362240
5898240
-51891840
2359296
-259459200
2949120
2681078400
5898240
4410806400
5898240
-32743751040
11796480
-4964319360
2064384
153859305600
20643840
296302406400
82575360
-234262828800
23592960
-104095031040
41287680
15237331200
2359296
55870214400
82575360
-90251884800
55050240
0
82575360
0
165150720
0
41287680
0
11796480
0
16515072
0
23592960
0
10321920
0
20643840
0
5898240
-51891840
2359296
-518918400
2949120
8043235200
5898240
17643225600
5898240
-163718755200
11796480
-29785916160
2064384
1077015139200
20643840
2370419251200
82575360
-2108365459200
23592960
-1040950310400
41287680
167610643200
2359296
670442572800
82575360
-1173274502400
55050240
0
82575360
0
165150720
0
41287680
0
11796480
0
16515072
0
23592960
0
10321920
0
20643840
0
5898240
0
2359296
-518918400
2949120
16086470400
5898240
52929676800
5898240
-654875020800
11796480
-148929580800
2064384
6462090835200
20643840
16592934758400
82575360
-16866923673600
23592960
-9368552793600
41287680
1676106432000
2359296
7374868300800
82575360
-14079294028800
55050240
0
82575360
0
165150720
0
41287680
0
11796480
0
16515072
0
23592960
0
10321920
0
20643840
0
5898240
0
2359296
0
2949120
16086470400
5898240
105859353600
5898240
-1964625062400
11796480
-595718323200
2064384
32310454176000
20643840
99557608550400
82575360
-118068465715200
23592960
-74948422348800
41287680
15084957888000
2359296
73748683008000
82575360
-154872234316800
55050240
13
1486356480
-1
99090432
-1
11796480
73
743178240
61
165150720
-71
165150720
-59
61931520
23
20643840
19
11796480
-67
35389440
-11
5898240
13
5898240
53
35389440
-7
3932160
-17
20643840
61
61931520
7
23592960
-59
165150720
-47
743178240
19
247726080
1
165150720
-11
1486356480
0
1486356480
-1
99090432
-2
11796480
219
743178240
244
165150720
-355
165150720
-354
61931520
161
20643840
152
11796480
-603
35389440
-110
5898240
143
5898240
636
35389440
-91
3932160
-238
20643840
915
61931520
112
23592960
-1003
165150720
-846
743178240
361
247726080
20
165150720
-231
1486356480
0
1486356480
0
99090432
-2
11796480
438
743178240
732
165150720
-1420
165150720
-1770
61931520
966
20643840
1064
11796480
-4824
35389440
-990
5898240
1430
5898240
6996
35389440
-1092
3932160
-3094
20643840
12810
61931520
1680
23592960
-16048
165150720
-14382
743178240
6498
247726080
380
165150720
-4620
1486356480
0
1486356480
0
99090432
0
11796480
438
743178240
1464
165150720
-4260
165150720
-7080
61931520
4830
20643840
6384
11796480
-33768
35389440
-7920
5898240
12870
5898240
69960
35389440
-12012
3932160
-37128
20643840
166530
61931520
23520
23592960
-240720
165150720
-230112
743178240
110466
247726080
6840
165150720
-87780
1486356480
0
1486356480
0
99090432
0
11796480
0
743178240
1464
165150720
-8520
165150720
-21240
61931520
19320
20643840
31920
11796480
-202608
35389440
-55440
5898240
102960
5898240
629640
35389440
-120120
3932160
-408408
20643840
1998360
61931520
305760
23592960
-3370080
165150720
-3451680
743178240
1767456
247726080
116280
165150720
-1580040
1486356480
0
1486356480
0
99090432
0
11796480
0
743178240
0
165150720
-8520
165150720
-42480
61931520
57960
20643840
127680
11796480
-1013040
35389440
-332640
5898240
720720
5898240
5037120
35389440
-1081080
3932160
-4084080
20643840
21981960
61931520
3669120
23592960
-43811040
165150720
-48323520
743178240
26511840
247726080
1860480
165150720
-26860680
1486356480
0
1486356480
0
99090432
0
11796480
0
743178240
0
165150720
0
165150720
-42480
61931520
115920
20643840
383040
11796480
-4052160
35389440
-1663200
5898240
4324320
5898240
35259840
35389440
-8648640
3932160
-36756720
20643840
219819600
61931520
40360320
23592960
-525732480
165150720
-628205760
743178240
371165760
247726080
27907200
165150720
-429770880
1486356480
0
1486356480
0
99090432
0
11796480
0
743178240
0
165150720
0
165150720
0
61931520
115920
20643840
766080
11796480
-12156480
35389440
-6652800
5898240
21621600
5898240
211559040
35389440
-60540480
3932160
-294053760
20643840
1978376400
61931520
403603200
23592960
-5783057280
165150720
-7538469120
743178240
4825154880
247726080
390700800
165150720
-6446563200
1486356480
0
1486356480
0
99090432
0
11796480
0
743178240
0
165150720
0
165150720
0
61931520
0
20643840
766080
11796480
-24312960
35389440
-19958400
5898240
86486400
5898240
1057795200
35389440
-363242880
3932160
-2058376320
20643840
15827011200
61931520
3632428800
23592960
-57830572800
165150720
-82923160320
743178240
57901858560
247726080
5079110400
165150720
-90251884800
1486356480
0
1486356480
0
99090432
0
11796480
0
743178240
0
165150720
0
165150720
0
61931520
0
20643840
0
11796480
-24312960
35389440
-39916800
5898240
259459200
5898240
4231180800
35389440
-1816214400
3932160
-12350257920
20643840
110789078400
61931520
29059430400
23592960
-520475155200
165150720
-829231603200
743178240
636920444160
247726080
60949324800
165150720
-1173274502400
1486356480
0
1486356480
0
99090432
0
11796480
0
743178240
0
165150720
0
165150720
0
61931520
0
20643840
0
11796480
0
35389440
-39916800
5898240
518918400
5898240
12693542400
35389440
-7264857600
3932160
-61751289600
20643840
664734470400
61931520
203416012800
23592960
-4163801241600
165150720
-7463084428800
743178240
6369204441600
247726080
670442572800
165150720
-14079294028800
1486356480
0
1486356480
0
99090432
0
11796480
0
743178240
0
165150720
0
165150720
0
61931520
0
20643840
0
11796480
0
35389440
0
5898240
518918400
5898240
25387084800
35389440
-21794572800
3932160
-247005158400
20643840
3323672352000
61931520
1220496076800
23592960
-29146608691200
165150720
-59704675430400
743178240
57322839974400
247726080
6704425728000
165150720
-154872234316800
1486356480
1
7431782400
-1
7431782400
-1
743178240
1
743178240
1
165150720
-1
165150720
-1
61931520
1
61931520
1
35389440
-1
35389440
-1
29491200
1
29491200
1
35389440
-1
35389440
-1
61931520
1
61931520
1
165150720
-1
165150720
-1
743178240
1
743178240
1
7431782400
-1
7431782400
0
7431782400
-1
7431782400
-2
743178240
3
743178240
4
165150720
-5
165150720
-6
61931520
7
61931520
8
35389440
-9
35389440
-10
29491200
11
29491200
12
35389440
-13
35389440
-14
61931520
15
61931520
16
165150720
-17
165150720
-18
743178240
19
743178240
20
7431782400
-21
7431782400
0
7431782400
0
7431782400
-2
743178240
6
743178240
12
165150720
-20
165150720
-30
61931520
42
61931520
56
35389440
-72
35389440
-90
29491200
110
29491200
132
35389440
-156
35389440
-182
61931520
210
61931520
240
165150720
-272
165150720
-306
743178240
342
743178240
380
7431782400
-420
7431782400
0
7431782400
0
7431782400
0
743178240
6
743178240
24
165150720
-60
165150720
-120
61931520
210
61931520
336
35389440
-504
35389440
-720
29491200
990
29491200
1320
35389440
-1716
35389440
-2184
61931520
2730
61931520
3360
165150720
-4080
165150720
-4896
743178240
5814
743178240
6840
7431782400
-7980
7431782400
0
7431782400
0
7431782400
0
743178240
0
743178240
24
165150720
-120
165150720
-360
61931520
840
61931520
1680
35389440
-3024
35389440
-5040
29491200
7920
29491200
11880
35389440
-17160
35389440
-24024
61931520
32760
61931520
43680
165150720
-57120
165150720
-73440
743178240
93024
743178240
116280
7431782400
-143640
7431782400
0
7431782400
0
7431782400
0
743178240
0
743178240
0
165150720
-120
165150720
-720
61931520
2520
61931520
6720
35389440
-15120
35389440
-30240
29491200
55440
29491200
95040
35389440
-154440
35389440
-240240
61931520
360360
61931520
524160
165150720
-742560
165150720
-1028160
743178240
1395360
743178240
1860480
7431782400
-2441880
7431782400
0
7431782400
0
7431782400
0
743178240
0
743178240
0
165150720
0
165150720
-720
61931520
5040
61931520
20160
35389440
-60480
35389440
-151200
29491200
332640
29491200
665280
35389440
-1235520
35389440
-2162160
61931520
3603600
61931520
5765760
165150720
-8910720
165150720
-13366080
743178240
19535040
743178240
27907200
7431782400
-39070080
7431782400
0
7431782400
0
7431782400
0
743178240
0
743178240
0
165150720
0
165150720
0
61931520
5040
61931520
40320
35389440
-181440
35389440
-604800
29491200
1663200
29491200
3991680
35389440
-8648640
35389440
-17297280
61931520
32432400
61931520
57657600
165150720
-98017920
165150720
-160392960
743178240
253955520
743178240
390700800
7431782400
-586051200
7431782400
0
7431782400
0
7431782400
0
743178240
0
743178240
0
165150720
0
165150720
0
61931520
0
61931520
40320
35389440
-362880
35389440
-1814400
29491200
6652800
29491200
19958400
35389440
-51891840
35389440
-121080960
61931520
259459200
61931520
518918400
165150720
-980179200
165150720
-1764322560
743178240
3047466240
743178240
5079110400
7431782400
-8204716800
7431782400
0
7431782400
0
7431782400
0
743178240
0
743178240
0
165150720
0
165150720
0
61931520
0
61931520
0
35389440
-362880
35389440
-3628800
29491200
19958400
29491200
79833600
35389440
-259459200
35389440
-726485760
61931520
1816214400
61931520
4151347200
165150720
-8821612800
165150720
-17643225600
743178240
33522128640
743178240
60949324800
7431782400
-106661318400
7431782400
0
7431782400
0
7431782400
0
743178240
0
743178240
0
165150720
0
165150720
0
61931520
0
61931520
0
35389440
0
35389440
-3628800
29491200
39916800
29491200
239500800
35389440
-1037836800
35389440
-3632428800
61931520
10897286400
61931520
29059430400
165150720
-70572902400
165150720
-158789030400
743178240
335221286400
743178240
670442572800
7431782400
-1279935820800
7431782400
0
7431782400
0
7431782400
0
743178240
0
743178240
0
165150720
0
165150720
0
61931520
0
61931520
0
35389440
0
35389440
0
29491200
39916800
29491200
479001600
35389440
-3113510400
35389440
-14529715200
61931520
54486432000
61931520
174356582400
165150720
-494010316800
165150720
-1270312243200
743178240
3016991577600
743178240
6704425728000
7431782400
-14079294028800
7431782400
1
2
969969
524288
0
1
-1616615
262144
0
1
8729721
524288
0
1
-2078505
65536
0
1
11316305
262144
0
1
-5555277
131072
0
1
7834365
262144
0
1
-969969
65536
0
1
2567565
524288
0
1
-255255
262144
0
1
46189
524288
0
2
969969
524288
0
1
-4849845
262144
0
1
43648605
524288
0
1
-14549535
65536
0
1
101846745
262144
0
1
-61108047
131072
0
1
101846745
262144
0
1
-14549535
65536
0
1
43648605
524288
0
1
-4849845
262144
0
1
969969
524288
0
2
0
524288
0
1
-9699690
262144
0
1
174594420
524288
0
1
-87297210
65536
0
1
814773960
262144
0
1
-611080470
131072
0
1
1222160940
262144
0
1
-203693490
65536
0
1
698377680
524288
0
1
-87297210
262144
0
1
19399380
524288
0
2
0
524288
0
1
-9699690
262144
0
1
523783260
524288
0
1
-436486050
65536
0
1
5703417720
262144
0
1
-5499724230
131072
0
1
13443770340
262144
0
1
-2648015370
65536
0
1
10475665200
524288
0
1
-1484052570
262144
0
1
368588220
524288
0
2
0
524288
0
1
0
262144
0
1
1047566520
524288
0
1
-1745944200
65536
0
1
34220506320
262144
0
1
-43997793840
131072
0
1
134437703400
262144
0
1
-31776184440
65536
0
1
146659312800
524288
0
1
-23744841120
262144
0
1
6634587960
524288
0
2
0
524288
0
1
0
262144
0
1
1047566520
524288
0
1
-5237832600
65536
0
1
171102531600
262144
0
1
-307984556880
131072
0
1
1209939330600
262144
0
1
-349538028840
65536
0
1
1906571066400
524288
0
1
-356172616800
262144
0
1
112787995320
524288
0
2
0
524288
0
1
0
262144
0
1
0
524288
0
1
-10475665200
65536
0
1
684410126400
262144
0
1
-1847907341280
131072
0
1
9679514644800
262144
0
1
-3495380288400
65536
0
1
22878852796800
524288
0
1
-4986416635200
262144
0
1
1804607925120
524288
0
2
0
524288
0
1
0
262144
0
1
0
524288
0
1
-10475665200
65536
0
1
2053230379200
262144
0
1
-9239536706400
131072
0
1
67756602513600
262144
0
1
-31458422595600
65536
0
1
251667380764800
524288
0
1
-64823416257600
262144
0
1
27069118876800
524288
0
2
0
524288
0
1
0
262144
0
1
0
524288
0
1
0
65536
0
1
4106460758400
262144
0
1
-36958146825600
131072
0
1
406539615081600
262144
0
1
-251667380764800
65536
0
1
2516673807648000
524288
0
1
-777880995091200
262144
0
1
378967664275200
524288
0
2
0
524288
0
1
0
262144
0
1
0
524288
0
1
0
65536
0
1
4106460758400
262144
0
1
-110874440476800
131072
0
1
2032698075408000
262144
0
1
-1761671665353600
65536
0
1
22650064268832000
524288
0
1
-8556690946003200
262144
0
1
4926579635577600
524288
0
2
0
524288
0
1
0
262144
0
1
0
524288
0
1
0
65536
0
1
0
262144
0
1
-221748880953600
131072
0
1
8130792301632000
262144
0
1
-10570029992121600
65536
0
1
181200514150656000
524288
0
1
-85566909460032000
262144
0
1
59118955626931200
524288
0
2
0
524288
0
1
0
262144
0
1
0
524288
0
1
0
65536
0
1
0
262144
0
1
-221748880953600
131072
0
1
24392376904896000
262144
0
1
-52850149960608000
65536
0
1
1268403599054592000
524288
0
1
-770102185140288000
262144
0
1
650308511896243200
524288
-215955
524288
-707825
524288
230945
262144
1616615
262144
-692835
524288
-8729721
524288
138567
65536
2078505
65536
-692835
262144
-11316305
262144
323323
131072
5555277
131072
-440895
262144
-7834365
262144
53295
65536
969969
65536
-138567
524288
-2567565
524288
13585
262144
255255
262144
-2431
524288
-46189
524288
0
524288
-707825
524288
461890
262144
4849845
262144
-2771340
524288
-43648605
524288
831402
65536
14549535
65536
-5542680
262144
-101846745
262144
3233230
131072
61108047
131072
-5290740
262144
-101846745
262144
746130
65536
14549535
65536
-2217072
524288
-43648605
524288
244530
262144
4849845
262144
-48620
524288
-969969
524288
0
524288
0
524288
461890
262144
9699690
262144
-8314020
524288
-174594420
524288
4157010
65536
87297210
65536
-38798760
262144
-814773960
262144
29099070
131072
611080470
131072
-58198140
262144
-1222160940
262144
9699690
65536
203693490
65536
-33256080
524288
-698377680
524288
4157010
262144
87297210
262144
-923780
524288
-19399380
524288
0
524288
0
524288
0
262144
9699690
262144
-16628040
524288
-523783260
524288
16628040
65536
436486050
65536
-232792560
262144
-5703417720
262144
232792560
131072
5499724230
131072
-581981400
262144
-13443770340
262144
116396280
65536
2648015370
65536
-465585120
524288
-10475665200
524288
66512160
262144
1484052570
262144
-16628040
524288
-368588220
524288
0
524288
0
524288
0
262144
0
262144
-16628040
524288
-1047566520
524288
49884120
65536
1745944200
65536
-1163962800
262144
-34220506320
262144
1629547920
131072
43997793840
131072
-5237832600
262144
-134437703400
262144
1280359080
65536
31776184440
65536
-6052606560
524288
-146659312800
524288
997682400
262144
23744841120
262144
-282676680
524288
-6634587960
524288
0
524288
0
524288
0
262144
0
262144
0
524288
-1047566520
524288
99768240
65536
5237832600
65536
-4655851200
262144
-171102531600
262144
9777287520
131072
307984556880
131072
-41902660800
262144
-1209939330600
262144
12803590800
65536
349538028840
65536
-72631278720
524288
-1906571066400
524288
13967553600
262144
356172616800
262144
-4522826880
524288
-112787995320
524288
0
524288
0
524288
0
262144
0
262144
0
524288
0
524288
99768240
65536
10475665200
65536
-13967553600
262144
-684410126400
262144
48886437600
131072
1847907341280
131072
-293318625600
262144
-9679514644800
262144
115232317200
65536
3495380288400
65536
-798944065920
524288
-22878852796800
524288
181578196800
262144
4986416635200
262144
-67842403200
524288
-1804607925120
524288
0
524288
0
524288
0
262144
0
262144
0
524288
0
524288
0
65536
10475665200
65536
-27935107200
262144
-2053230379200
262144
195545750400
131072
9239536706400
131072
-1759911753600
262144
-67756602513600
262144
921858537600
65536
31458422595600
65536
-7989440659200
524288
-251667380764800
524288
2178938361600
262144
64823416257600
262144
-949793644800
524288
-27069118876800
524288
0
524288
0
524288
0
262144
0
262144
0
524288
0
524288
0
65536
0
65536
-27935107200
262144
-4106460758400
262144
586637251200
131072
36958146825600
131072
-8799558768000
262144
-406539615081600
262144
6453009763200
65536
251667380764800
65536
-71904965932800
524288
-2516673807648000
524288
23968321977600
262144
777880995091200
262144
-12347317382400
524288
-378967664275200
524288
0
524288
0
524288
0
262144
0
262144
0
524288
0
524288
0
65536
0
65536
0
262144
-4106460758400
262144
1173274502400
131072
110874440476800
131072
-35198235072000
262144
-2032698075408000
262144
38718058579200
65536
1761671665353600
65536
-575239727462400
524288
-22650064268832000
524288
239683219776000
262144
8556690946003200
262144
-148167808588800
524288
-4926579635577600
524288
0
524288
0
524288
0
262144
0
262144
0
524288
0
524288
0
65536
0
65536
0
262144
0
262144
1173274502400
131072
221748880953600
131072
-105594705216000
262144
-8130792301632000
262144
193590292896000
65536
10570029992121600
65536
-4026678092236800
524288
-181200514150656000
524288
2157148977984000
262144
85566909460032000
262144
-1629845894476800
524288
-59118955626931200
524288
0
524288
0
524288
0
262144
0
262144
0
524288
0
524288
0
65536
0
65536
0
262144
0
262144
0
131072
221748880953600
131072
-211189410432000
262144
-24392376904896000
262144
774361171584000
65536
52850149960608000
65536
-24160068553420800
524288
-1268403599054592000
524288
17257191823872000
262144
770102185140288000
262144
-16298458944768000
524288
-650308511896243200
524288
84883
524288
245935
524288
-165409
262144
-692835
262144
692835
524288
4018443
524288
-138567
65536
-969969
65536
692835
262144
5311735
262144
-323323
131072
-2615977
131072
440895
262144
3696735
262144
-53295
65536
-458337
65536
138567
524288
1214499
524288
-13585
262144
-120835
262144
2431
524288
21879
524288
0
524288
245935
524288
-330818
262144
-2078505
262144
2771340
524288
20092215
524288
-831402
65536
-6789783
65536
5542680
262144
47805615
262144
-3233230
131072
-28775747
131072
5290740
262144
48057555
262144
-746130
65536
-6875055
65536
2217072
524288
20646483
524288
-244530
262144
-2295865
262144
48620
524288
459459
524288
0
524288
0
524288
-330818
262144
-4157010
262144
8314020
524288
80368860
524288
-4157010
65536
-40738698
65536
38798760
262144
382444920
262144
-29099070
131072
-287757470
131072
58198140
262144
576690660
262144
-9699690
65536
-96250770
65536
33256080
524288
330343728
524288
-4157010
262144
-41325570
262144
923780
524288
9189180
524288
0
524288
0
524288
0
262144
-4157010
262144
16628040
524288
241106580
524288
-16628040
65536
-203693490
65536
232792560
262144
2677114440
262144
-232792560
131072
-2589817230
131072
581981400
262144
6343597260
262144
-116396280
65536
-1251260010
65536
465585120
524288
4955155920
524288
-66512160
262144
-702534690
262144
16628040
524288
174594420
524288
0
524288
0
524288
0
262144
0
262144
16628040
524288
482213160
524288
-49884120
65536
-814773960
65536
1163962800
262144
16062686640
262144
-1629547920
131072
-20718537840
131072
5237832600
262144
63435972600
262144
-1280359080
65536
-15015120120
65536
6052606560
524288
69372182880
524288
-997682400
262144
-11240555040
262144
282676680
524288
3142699560
524288
0
524288
0
524288
0
262144
0
262144
0
524288
482213160
524288
-99768240
65536
-2444321880
65536
4655851200
262144
80313433200
262144
-9777287520
131072
-145029764880
131072
41902660800
262144
570923753400
262144
-12803590800
65536
-165166321320
65536
72631278720
524288
901838377440
524288
-13967553600
262144
-168608325600
262144
4522826880
524288
53425892520
524288
0
524288
0
524288
0
262144
0
262144
0
524288
0
524288
-99768240
65536
-4888643760
65536
13967553600
262144
321253732800
262144
-48886437600
131072
-870178589280
131072
293318625600
262144
4567390027200
262144
-115232317200
65536
-1651663213200
65536
798944065920
524288
10822060529280
524288
-181578196800
262144
-2360516558400
262144
67842403200
524288
854814280320
524288
0
524288
0
524288
0
262144
0
262144
0
524288
0
524288
0
65536
-4888643760
65536
27935107200
262144
963761198400
262144
-195545750400
131072
-4350892946400
131072
1759911753600
262144
31971730190400
262144
-921858537600
65536
-14864968918800
65536
7989440659200
524288
119042665822080
524288
-2178938361600
262144
-30686715259200
262144
949793644800
524288
12822214204800
524288
0
524288
0
524288
0
262144
0
262144
0
524288
0
524288
0
65536
0
65536
27935107200
262144
1927522396800
262144
-586637251200
131072
-17403571785600
131072
8799558768000
262144
191830381142400
262144
-6453009763200
65536
-118919751350400
65536
71904965932800
524288
1190426658220800
524288
-23968321977600
262144
-368240583110400
262144
12347317382400
524288
179510998867200
524288
0
524288
0
524288
0
262144
0
262144
0
524288
0
524288
0
65536
0
65536
0
262144
1927522396800
262144
-1173274502400
131072
-52210715356800
131072
35198235072000
262144
959151905712000
262144
-38718058579200
65536
-832438259452800
65536
575239727462400
524288
10713839923987200
524288
-239683219776000
262144
-4050646414214400
262144
148167808588800
524288
2333642985273600
524288
0
524288
0
524288
0
262144
0
262144
0
524288
0
524288
0
65536
0
65536
0
262144
0
262144
-1173274502400
131072
-104421430713600
131072
105594705216000
262144
3836607622848000
262144
-193590292896000
65536
-4994629556716800
65536
4026678092236800
524288
85710719391897600
524288
-2157148977984000
262144
-40506464142144000
262144
1629845894476800
524288
28003715823283200
524288
0
524288
0
524288
0
262144
0
262144
0
524288
0
524288
0
65536
0
65536
0
262144
0
262144
0
131072
-104421430713600
131072
211189410432000
262144
11509822868544000
262144
-774361171584000
65536
-24973147783584000
65536
24160068553420800
524288
599975035743283200
524288
-17257191823872000
262144
-364558177279296000
262144
16298458944768000
524288
308040874056115200
524288
-15751
393216
-13421
131072
28007
131072
263713
393216
-36465
65536
-138567
65536
31603
32768
138567
32768
-80223
65536
-1154725
196608
75361
65536
382109
65536
-38675
49152
-33915
8192
12495
32768
67507
32768
-16269
131072
-89661
131072
9581
393216
17875
131072
-143
65536
-2431
196608
0
393216
-13421
131072
56014
131072
791139
393216
-145860
65536
-692835
65536
189618
32768
969969
32768
-641784
65536
-10392525
196608
753610
65536
4203199
65536
-464100
49152
-440895
8192
174930
32768
1012605
32768
-260304
131072
-1524237
131072
172458
393216
339625
131072
-2860
65536
-51051
196608
0
393216
0
131072
56014
131072
1582278
393216
-437580
65536
-2771340
65536
948090
32768
5819814
32768
-4492488
65536
-83140200
196608
6782490
65536
42031990
65536
-5105100
49152
-5290740
8192
2274090
32768
14176470
32768
-3904560
131072
-24387792
131072
2931786
393216
6113250
131072
-54340
65536
-1021020
196608
0
393216
0
131072
0
131072
1582278
393216
-875160
65536
-8314020
65536
3792360
32768
29099070
32768
-26954928
65536
-581981400
196608
54259920
65536
378287910
65536
-51051000
49152
-58198140
8192
27289080
32768
184294110
32768
-54663840
131072
-365816880
131072
46908576
393216
103925250
131072
-978120
65536
-19399380
196608
0
393216
0
131072
0
131072
0
393216
-875160
65536
-16628040
65536
11377080
32768
116396280
32768
-134774640
65536
-3491888400
196608
379819440
65536
3026303280
65536
-459459000
49152
-581981400
8192
300179880
32768
2211529320
32768
-710629920
131072
-5121436320
131072
703628640
393216
1662804000
131072
-16628040
65536
-349188840
196608
0
393216
0
131072
0
131072
0
393216
0
65536
-16628040
65536
22754160
32768
349188840
32768
-539098560
65536
-17459442000
196608
2278916640
65536
21184122960
65536
-3675672000
49152
-5237832600
8192
3001798800
32768
24326822520
32768
-8527559040
131072
-66578672160
131072
9850800960
393216
24942060000
131072
-266048640
65536
-5936210280
196608
0
393216
0
131072
0
131072
0
393216
0
65536
0
65536
22754160
32768
698377680
32768
-1617295680
65536
-69837768000
196608
11394583200
65536
127104737760
65536
-25729704000
49152
-41902660800
8192
27016189200
32768
243268225200
32768
-93803149440
131072
-798944065920
131072
128060412480
393216
349188840000
131072
-3990729600
65536
-94979364480
196608
0
393216
0
131072
0
131072
0
393216
0
65536
0
65536
0
32768
698377680
32768
-3234591360
65536
-209513304000
196608
45578332800
65536
635523688800
65536
-154378224000
49152
-293318625600
8192
216129513600
32768
2189414026800
32768
-938031494400
131072
-8788384725120
131072
1536724949760
393216
4539454920000
131072
-55870214400
65536
-1424690467200
196608
0
393216
0
131072
0
131072
0
393216
0
65536
0
65536
0
32768
0
32768
-3234591360
65536
-419026608000
196608
136734998400
65536
2542094755200
65536
-771891120000
49152
-1759911753600
8192
1512906595200
32768
17515312214400
32768
-8442283449600
131072
-87883847251200
131072
16903974447360
393216
54473459040000
131072
-726312787200
65536
-19945666540800
196608
0
393216
0
131072
0
131072
0
393216
0
65536
0
65536
0
32768
0
32768
0
65536
-419026608000
196608
273469996800
65536
7626284265600
65536
-3087564480000
49152
-8799558768000
8192
9077439571200
32768
122607185500800
32768
-67538267596800
131072
-790954625260800
131072
169039744473600
393216
599208049440000
131072
-8715753446400
65536
-259293665030400
196608
0
393216
0
131072
0
131072
0
393216
0
65536
0
65536
0
32768
0
32768
0
65536
0
196608
273469996800
65536
15252568531200
65536
-9262693440000
49152
-35198235072000
8192
45387197856000
32768
735643113004800
32768
-472767873177600
131072
-6327637002086400
131072
1521357700262400
393216
5992080494400000
131072
-95873287910400
65536
-3111523980364800
196608
0
393216
0
131072
0
131072
0
393216
0
65536
0
65536
0
32768
0
32768
0
65536
0
196608
0
65536
15252568531200
65536
-18525386880000
49152
-105594705216000
8192
181548791424000
32768
3678215565024000
32768
-2836607239065600
131072
-44293459014604800
131072
12170861602099200
393216
53928724449600000
131072
-958732879104000
65536
-34226763784012800
196608
10889
1572864
383
24576
-35401
786432
-44923
393216
215093
1572864
51051
131072
-17017
65536
-26741
32768
89947
262144
114257
98304
-128843
393216
-76687
65536
177905
786432
164815
196608
-7225
65536
-13753
32768
18887
524288
4587
32768
-1859
262144
-11011
393216
1001
1572864
1001
393216
0
1572864
383
24576
-70802
786432
-134769
393216
860372
1572864
255255
131072
-102102
65536
-187187
32768
719576
262144
1028313
98304
-1288430
393216
-843557
65536
2134860
786432
2142595
196608
-101150
65536
-206295
32768
302192
524288
77979
32768
-33462
262144
-209209
393216
20020
1572864
21021
393216
0
1572864
0
24576
-70802
786432
-269538
393216
2581116
1572864
1021020
131072
-510510
65536
-1123122
32768
5037032
262144
8226504
98304
-11595870
393216
-8435570
65536
23483460
786432
25711140
196608
-1314950
65536
-2888130
32768
4532880
524288
1247664
32768
-568854
262144
-3765762
393216
380380
1572864
420420
393216
0
1572864
0
24576
0
786432
-269538
393216
5162232
1572864
3063060
131072
-2042040
65536
-5615610
32768
30222192
262144
57585528
98304
-92766960
393216
-75920130
65536
234834600
786432
282822540
196608
-15779400
65536
-37545690
32768
63460320
524288
18714960
32768
-9101664
262144
-64017954
393216
6846840
1572864
7987980
393216
0
1572864
0
24576
0
786432
0
393216
5162232
1572864
6126120
131072
-6126120
65536
-22462440
32768
151110960
262144
345513168
98304
-649368720
393216
-607361040
65536
2113511400
786432
2828225400
196608
-173573400
65536
-450548280
32768
824984160
524288
262009440
32768
-136524960
262144
-1024287264
393216
116396280
1572864
143783640
393216
0
1572864
0
24576
0
786432
0
393216
0
1572864
6126120
131072
-12252240
65536
-67387320
32768
604443840
262144
1727565840
98304
-3896212320
393216
-4251527280
65536
16908091200
786432
25454028600
196608
-1735734000
65536
-4956031080
32768
9899809920
524288
3406122720
32768
-1911349440
262144
-15364308960
393216
1862340480
1572864
2444321880
393216
0
1572864
0
24576
0
786432
0
393216
0
1572864
0
131072
-12252240
65536
-134774640
32768
1813331520
262144
6910263360
98304
-19481061600
393216
-25509163680
65536
118356638400
786432
203632228800
196608
-15621606000
65536
-49560310800
32768
108897909120
524288
40873472640
32768
-24847542720
262144
-215100325440
393216
27935107200
1572864
39109150080
393216
0
1572864
0
24576
0
786432
0
393216
0
1572864
0
131072
0
65536
-134774640
32768
3626663040
262144
20730790080
98304
-77924246400
393216
-127545818400
65536
710139830400
786432
1425425601600
196608
-124972848000
65536
-446042797200
32768
1088979091200
524288
449608199040
32768
-298170512640
262144
-2796304230720
393216
391091500800
1572864
586637251200
393216
0
1572864
0
24576
0
786432
0
393216
0
1572864
0
131072
0
65536
0
32768
3626663040
262144
41461580160
98304
-233772739200
393216
-510183273600
65536
3550699152000
786432
8552553609600
196608
-874809936000
65536
-3568342377600
32768
9800811820800
524288
4496081990400
32768
-3279875639040
262144
-33555650768640
393216
5084189510400
1572864
8212921516800
393216
0
1572864
0
24576
0
786432
0
393216
0
1572864
0
131072
0
65536
0
32768
0
262144
41461580160
98304
-467545478400
393216
-1530549820800
65536
14202796608000
786432
42762768048000
196608
-5248859616000
65536
-24978396643200
32768
78406494566400
524288
40464737913600
32768
-32798756390400
262144
-369112158455040
393216
61010274124800
1572864
106767979718400
393216
0
1572864
0
24576
0
786432
0
393216
0
1572864
0
131072
0
65536
0
32768
0
262144
0
98304
-467545478400
393216
-3061099641600
65536
42608389824000
786432
171051072192000
196608
-26244298080000
65536
-149870379859200
32768
548845461964800
524288
323717903308800
32768
-295188807513600
262144
-3691121584550400
393216
671113015372800
1572864
1281215756620800
393216
0
1572864
0
24576
0
786432
0
393216
0
1572864
0
131072
0
65536
0
32768
0
262144
0
98304
0
393216
-3061099641600
65536
85216779648000
786432
513153216576000
196608
-104977192320000
65536
-749351899296000
32768
3293072771788800
524288
2266025323161600
32768
-2361510460108800
262144
-33220094260953600
393216
6711130153728000
1572864
14093373322828800
393216
-459
524288
-4541
2621440
1709
262144
10889
786432
-34913
1572864
-397519
7864320
3003
65536
7293
65536
-16731
262144
-128843
786432
123409
1966080
331279
1966080
-34645
786432
-96271
786432
4265
196608
20281
327680
-3743
524288
-10901
524288
1111
786432
3289
786432
-1001
7864320
-1001
2621440
0
524288
-4541
2621440
3418
262144
32667
786432
-139652
1572864
-1987595
7864320
18018
65536
51051
65536
-133848
262144
-1159587
786432
1234090
1966080
3644069
1966080
-415740
786432
-1251523
786432
59710
196608
304215
327680
-59888
524288
-185317
524288
19998
786432
62491
786432
-20020
7864320
-21021
2621440
0
524288
0
2621440
3418
262144
65334
786432
-418956
1572864
-7950380
7864320
90090
65536
306306
65536
-936936
262144
-9276696
786432
11106810
1966080
36440690
1966080
-4573140
786432
-15018276
786432
776230
196608
4259010
327680
-898320
524288
-2965072
524288
339966
786432
1124838
786432
-380380
7864320
-420420
2621440
0
524288
0
2621440
0
262144
65334
786432
-837912
1572864
-23851140
7864320
360360
65536
1531530
65536
-5621616
262144
-64936872
786432
88854480
1966080
327966210
1966080
-45731400
786432
-165201036
786432
9314760
196608
55367130
327680
-12576480
524288
-44476080
524288
5439456
786432
19122246
786432
-6846840
7864320
-7987980
2621440
0
524288
0
2621440
0
262144
0
786432
-837912
1572864
-47702280
7864320
1081080
65536
6126120
65536
-28108080
262144
-389621232
786432
621981360
1966080
2623729680
1966080
-411582600
786432
-1652010360
786432
102462360
196608
664405560
327680
-163494240
524288
-622665120
524288
81591840
786432
305955936
786432
-116396280
7864320
-143783640
2621440
0
524288
0
2621440
0
262144
0
786432
0
1572864
-47702280
7864320
2162160
65536
18378360
65536
-112432320
262144
-1948106160
786432
3731888160
1966080
18366107760
1966080
-3292660800
786432
-14868093240
786432
1024623600
196608
7308461160
327680
-1961930880
524288
-8094646560
524288
1142285760
786432
4589339040
786432
-1862340480
7864320
-2444321880
2621440
0
524288
0
2621440
0
262144
0
786432
0
1572864
0
7864320
2162160
65536
36756720
65536
-337296960
262144
-7792424640
786432
18659440800
1966080
110196646560
1966080
-23048625600
786432
-118944745920
786432
9221612400
196608
73084611600
327680
-21581239680
524288
-97135758720
524288
14849714880
786432
64250746560
786432
-27935107200
7864320
-39109150080
2621440
0
524288
0
2621440
0
262144
0
786432
0
1572864
0
7864320
0
65536
36756720
65536
-674593920
262144
-23377273920
786432
74637763200
1966080
550983232800
1966080
-138291753600
786432
-832613221440
786432
73772899200
196608
657761504400
327680
-215812396800
524288
-1068493345920
524288
178196578560
786432
835259705280
786432
-391091500800
7864320
-586637251200
2621440
0
524288
0
2621440
0
262144
0
786432
0
1572864
0
7864320
0
65536
0
65536
-674593920
262144
-46754547840
786432
223913289600
1966080
2203932931200
1966080
-691458768000
786432
-4995679328640
786432
516410294400
196608
5262092035200
327680
-1942311571200
524288
-10684933459200
524288
1960162364160
786432
10023116463360
786432
-5084189510400
7864320
-8212921516800
2621440
0
524288
0
2621440
0
262144
0
786432
0
1572864
0
7864320
0
65536
0
65536
0
262144
-46754547840
786432
447826579200
1966080
6611798793600
1966080
-2765835072000
786432
-24978396643200
786432
3098461766400
196608
36834644246400
327680
-15538492569600
524288
-96164401132800
524288
19601623641600
786432
110254281096960
786432
-61010274124800
7864320
-106767979718400
2621440
0
524288
0
2621440
0
262144
0
786432
0
1572864
0
7864320
0
65536
0
65536
0
262144
0
786432
447826579200
1966080
13223597587200
1966080
-8297505216000
786432
-99913586572800
786432
15492308832000
196608
221007865478400
327680
-108769447987200
524288
-769315209062400
524288
176414612774400
786432
1102542810969600
786432
-671113015372800
7864320
-1281215756620800
2621440
0
524288
0
2621440
0
262144
0
786432
0
1572864
0
7864320
0
65536
0
65536
0
262144
0
786432
0
1966080
13223597587200
1966080
-16595010432000
786432
-299740759718400
786432
61969235328000
196608
1105039327392000
327680
-652616687923200
524288
-5385206463436800
524288
1411316902195200
786432
9922885298726400
786432
-6711130153728000
7864320
-14093373322828800
2621440
647
7864320
1123
7864320
-177
262144
-2881
2359296
3943
1572864
37159
7864320
-16399
2949120
-715
65536
2145
262144
39325
2359296
-3289
393216
-6929
393216
14209
2359296
10271
786432
-593
196608
-19759
2949120
2633
2621440
1193
524288
-473
2359296
-121
262144
143
7864320
1001
23592960
0
7864320
1123
7864320
-354
262144
-8643
2359296
15772
1572864
185795
7864320
-98394
2949120
-5005
65536
17160
262144
353925
2359296
-32890
393216
-76219
393216
170508
2359296
133523
786432
-8302
196608
-296385
2949120
42128
2621440
20281
524288
-8514
2359296
-2299
262144
2860
7864320
21021
23592960
0
7864320
0
7864320
-354
262144
-17286
2359296
47316
1572864
743180
7864320
-491970
2949120
-30030
65536
120120
262144
2831400
2359296
-296010
393216
-762190
393216
1875588
2359296
1602276
786432
-107926
196608
-4149390
2949120
631920
2621440
324496
524288
-144738
2359296
-41382
262144
54340
7864320
420420
23592960
0
7864320
0
7864320
0
262144
-17286
2359296
94632
1572864
2229540
7864320
-1967880
2949120
-150150
65536
720720
262144
19819800
2359296
-2368080
393216
-6859710
393216
18755880
2359296
17625036
786432
-1295112
196608
-53942070
2949120
8846880
2621440
4867440
524288
-2315808
2359296
-703494
262144
978120
7864320
7987980
23592960
0
7864320
0
7864320
0
262144
0
2359296
94632
1572864
4459080
7864320
-5903640
2949120
-600600
65536
3603600
262144
118918800
2359296
-16576560
393216
-54877680
393216
168802920
2359296
176250360
786432
-14246232
196608
-647304840
2949120
115009440
2621440
68144160
524288
-34737120
2359296
-11255904
262144
16628040
7864320
143783640
23592960
0
7864320
0
7864320
0
262144
0
2359296
0
1572864
4459080
7864320
-11807280
2949120
-1801800
65536
14414400
262144
594594000
2359296
-99459360
393216
-384143760
393216
1350423360
2359296
1586253240
786432
-142462320
196608
-7120353240
2949120
1380113280
2621440
885874080
524288
-486319680
2359296
-168838560
262144
266048640
7864320
2444321880
23592960
0
7864320
0
7864320
0
262144
0
2359296
0
1572864
0
7864320
-11807280
2949120
-3603600
65536
43243200
262144
2378376000
2359296
-497296800
393216
-2304862560
393216
9452963520
2359296
12690025920
786432
-1282160880
196608
-71203532400
2949120
15181246080
2621440
10630488960
524288
-6322155840
2359296
-2363739840
262144
3990729600
7864320
39109150080
23592960
0
7864320
0
7864320
0
262144
0
2359296
0
1572864
0
7864320
0
2949120
-3603600
65536
86486400
262144
7135128000
2359296
-1989187200
393216
-11524312800
393216
56717781120
2359296
88830181440
786432
-10257287040
196608
-640831791600
2949120
151812460800
2621440
116935378560
524288
-75865870080
2359296
-30728617920
262144
55870214400
7864320
586637251200
23592960
0
7864320
0
7864320
0
262144
0
2359296
0
1572864
0
7864320
0
2949120
0
65536
86486400
262144
14270256000
2359296
-5967561600
393216
-46097251200
393216
283588905600
2359296
532981088640
786432
-71801009280
196608
-5126654332800
2949120
1366312147200
2621440
1169353785600
524288
-834524570880
2359296
-368743415040
262144
726312787200
7864320
8212921516800
23592960
0
7864320
0
7864320
0
262144
0
2359296
0
1572864
0
7864320
0
2949120
0
65536
0
262144
14270256000
2359296
-11935123200
393216
-138291753600
393216
1134355622400
2359296
2664905443200
786432
-430806055680
196608
-35886580329600
2949120
10930497177600
2621440
10524184070400
524288
-8345245708800
2359296
-4056177565440
262144
8715753446400
7864320
106767979718400
23592960
0
7864320
0
7864320
0
262144
0
2359296
0
1572864
0
7864320
0
2949120
0
65536
0
262144
0
2359296
-11935123200
393216
-276583507200
393216
3403066867200
2359296
10659621772800
786432
-2154030278400
196608
-215319481977600
2949120
76513480243200
2621440
84193472563200
524288
-75107211379200
2359296
-40561775654400
262144
95873287910400
7864320
1281215756620800
23592960
0
7864320
0
7864320
0
262144
0
2359296
0
1572864
0
7864320
0
2949120
0
65536
0
262144
0
2359296
0
393216
-276583507200
393216
6806133734400
2359296
31978865318400
786432
-8616121113600
196608
-1076597409888000
2949120
459080881459200
2621440
589354307942400
524288
-600857691033600
2359296
-365055980889600
262144
958732879104000
7864320
14093373322828800
23592960
-47
8257536
-17
1966080
37
737280
23
294912
-235
1179648
-623
1966080
173
368640
493
645120
-143
196608
-715
589824
143
184320
65
49152
-1703
2949120
-593
589824
17
57344
97
184320
-593
5898240
-119
655360
1
49152
11
294912
-11
5898240
-143
41287680
0
8257536
-17
1966080
74
737280
69
294912
-940
1179648
-3115
1966080
1038
368640
3451
645120
-1144
196608
-6435
589824
1430
184320
715
49152
-20436
2949120
-7709
589824
238
57344
1455
184320
-9488
5898240
-2023
655360
18
49152
209
294912
-220
5898240
-3003
41287680
0
8257536
0
1966080
74
737280
138
294912
-2820
1179648
-12460
1966080
5190
368640
20706
645120
-8008
196608
-51480
589824
12870
184320
7150
49152
-224796
2949120
-92508
589824
3094
57344
20370
184320
-142320
5898240
-32368
655360
306
49152
3762
294912
-4180
5898240
-60060
41287680
0
8257536
0
1966080
0
737280
138
294912
-5640
1179648
-37380
1966080
20760
368640
103530
645120
-48048
196608
-360360
589824
102960
184320
64350
49152
-2247960
2949120
-1017588
589824
37128
57344
264810
184320
-1992480
5898240
-485520
655360
4896
49152
63954
294912
-75240
5898240
-1141140
41287680
0
8257536
0
1966080
0
737280
0
294912
-5640
1179648
-74760
1966080
62280
368640
414120
645120
-240240
196608
-2162160
589824
720720
184320
514800
49152
-20231640
2949120
-10175880
589824
408408
57344
3177720
184320
-25902240
5898240
-6797280
655360
73440
49152
1023264
294912
-1279080
5898240
-20540520
41287680
0
8257536
0
1966080
0
737280
0
294912
0
1179648
-74760
1966080
124560
368640
1242360
645120
-960960
196608
-10810800
589824
4324320
184320
3603600
49152
-161853120
2949120
-91582920
589824
4084080
57344
34954920
184320
-310826880
5898240
-88364640
655360
1028160
49152
15348960
294912
-20465280
5898240
-349188840
41287680
0
8257536
0
1966080
0
737280
0
294912
0
1179648
0
1966080
124560
368640
2484720
645120
-2882880
196608
-43243200
589824
21621600
184320
21621600
49152
-1132971840
2949120
-732663360
589824
36756720
57344
349549200
184320
-3419095680
5898240
-1060375680
655360
13366080
49152
214885440
294912
-306979200
5898240
-5587021440
41287680
0
8257536
0
1966080
0
737280
0
294912
0
1179648
0
1966080
0
368640
2484720
645120
-5765760
196608
-129729600
589824
86486400
184320
108108000
49152
-6797831040
2949120
-5128643520
589824
294053760
57344
3145942800
184320
-34190956800
5898240
-11664132480
655360
160392960
49152
2793510720
294912
-4297708800
5898240
-83805321600
41287680
0
8257536
0
1966080
0
737280
0
294912
0
1179648
0
1966080
0
368640
0
645120
-5765760
196608
-259459200
589824
259459200
184320
432432000
49152
-33989155200
2949120
-30771861120
589824
2058376320
57344
25167542400
184320
-307718611200
5898240
-116641324800
655360
1764322560
49152
33522128640
294912
-55870214400
5898240
-1173274502400
41287680
0
8257536
0
1966080
0
737280
0
294912
0
1179648
0
1966080
0
368640
0
645120
0
196608
-259459200
589824
518918400
184320
1297296000
49152
-135956620800
2949120
-153859305600
589824
12350257920
57344
176172796800
184320
-2461748889600
5898240
-1049771923200
655360
17643225600
49152
368743415040
294912
-670442572800
5898240
-15252568531200
41287680
0
8257536
0
1966080
0
737280
0
294912
0
1179648
0
1966080
0
368640
0
645120
0
196608
0
589824
518918400
184320
2594592000
49152
-407869862400
2949120
-615437222400
589824
61751289600
57344
1057036780800
184320
-17232242227200
5898240
-8398175385600
655360
158789030400
49152
3687434150400
294912
-7374868300800
5898240
-183030822374400
41287680
0
8257536
0
1966080
0
737280
0
294912
0
1179648
0
1966080
0
368640
0
645120
0
196608
0
589824
0
184320
2594592000
49152
-815739724800
2949120
-1846311667200
589824
247005158400
57344
5285183904000
184320
-103393453363200
5898240
-58787227699200
655360
1270312243200
49152
33186907353600
294912
-73748683008000
5898240
-2013339046118400
41287680
23
82575360
61
165150720
-107
41287680
-41
11796480
179
16515072
347
23592960
-277
10321920
-761
20643840
257
5898240
143
2359296
-143
2949120
-403
5898240
221
5898240
631
11796480
-41
2064384
-593
20643840
571
82575360
239
23592960
-59
41287680
-5
2359296
11
82575360
11
55050240
0
82575360
61
165150720
-214
41287680
-123
11796480
716
16515072
1735
23592960
-1662
10321920
-5327
20643840
2056
5898240
1287
2359296
-1430
2949120
-4433
5898240
2652
5898240
8203
11796480
-574
2064384
-8895
20643840
9136
82575360
4063
23592960
-1062
41287680
-95
2359296
220
82575360
231
55050240
0
82575360
0
165150720
-214
41287680
-246
11796480
2148
16515072
6940
23592960
-8310
10321920
-31962
20643840
14392
5898240
10296
2359296
-12870
2949120
-44330
5898240
29172
5898240
98436
11796480
-7462
2064384
-124530
20643840
137040
82575360
65008
23592960
-18054
41287680
-1710
2359296
4180
82575360
4620
55050240
0
82575360
0
165150720
0
41287680
-246
11796480
4296
16515072
20820
23592960
-33240
10321920
-159810
20643840
86352
5898240
72072
2359296
-102960
2949120
-398970
5898240
291720
5898240
1082796
11796480
-89544
2064384
-1618890
20643840
1918560
82575360
975120
23592960
-288864
41287680
-29070
2359296
75240
82575360
87780
55050240
0
82575360
0
165150720
0
41287680
0
11796480
4296
16515072
41640
23592960
-99720
10321920
-639240
20643840
431760
5898240
432432
2359296
-720720
2949120
-3191760
5898240
2625480
5898240
10827960
11796480
-984984
2064384
-19426680
20643840
24941280
82575360
13651680
23592960
-4332960
41287680
-465120
2359296
1279080
82575360
1580040
55050240
0
82575360
0
165150720
0
41287680
0
11796480
0
16515072
41640
23592960
-199440
10321920
-1917720
20643840
1727040
5898240
2162160
2359296
-4324320
2949120
-22342320
5898240
21003840
5898240
97451640
11796480
-9849840
2064384
-213693480
20643840
299295360
82575360
177471840
23592960
-60661440
41287680
-6976800
2359296
20465280
82575360
26860680
55050240
0
82575360
0
165150720
0
41287680
0
11796480
0
16515072
0
23592960
-199440
10321920
-3835440
20643840
5181120
5898240
8648640
2359296
-21621600
2949120
-134053920
5898240
147026880
5898240
779613120
11796480
-88648560
2064384
-2136934800
20643840
3292248960
82575360
2129662080
23592960
-788598720
41287680
-97675200
2359296
306979200
82575360
429770880
55050240
0
82575360
0
165150720
0
41287680
0
11796480
0
16515072
0
23592960
0
10321920
-3835440
20643840
10362240
5898240
25945920
2359296
-86486400
2949120
-670269600
5898240
882161280
5898240
5457291840
11796480
-709188480
2064384
-19232413200
20643840
32922489600
82575360
23426282880
23592960
-9463184640
41287680
-1269777600
2359296
4297708800
82575360
6446563200
55050240
0
82575360
0
165150720
0
41287680
0
11796480
0
16515072
0
23592960
0
10321920
0
20643840
10362240
5898240
51891840
2359296
-259459200
2949120
-2681078400
5898240
4410806400
5898240
32743751040
11796480
-4964319360
2064384
-153859305600
20643840
296302406400
82575360
234262828800
23592960
-104095031040
41287680
-15237331200
2359296
55870214400
82575360
90251884800
55050240
0
82575360
0
165150720
0
41287680
0
11796480
0
16515072
0
23592960
0
10321920
0
20643840
0
5898240
51891840
2359296
-518918400
2949120
-8043235200
5898240
17643225600
5898240
163718755200
11796480
-29785916160
2064384
-1077015139200
20643840
2370419251200
82575360
2108365459200
23592960
-1040950310400
41287680
-167610643200
2359296
670442572800
82575360
1173274502400
55050240
0
82575360
0
165150720
0
41287680
0
11796480
0
16515072
0
23592960
0
10321920
0
20643840
0
5898240
0
2359296
-518918400
2949120
-16086470400
5898240
52929676800
5898240
654875020800
11796480
-148929580800
2064384
-6462090835200
20643840
16592934758400
82575360
16866923673600
23592960
-9368552793600
41287680
-1676106432000
2359296
7374868300800
82575360
14079294028800
55050240
0
82575360
0
165150720
0
41287680
0
11796480
0
16515072
0
23592960
0
10321920
0
20643840
0
5898240
0
2359296
0
2949120
-16086470400
5898240
105859353600
5898240
1964625062400
11796480
-595718323200
2064384
-32310454176000
20643840
99557608550400
82575360
118068465715200
23592960
-74948422348800
41287680
-15084957888000
2359296
73748683008000
82575360
154872234316800
55050240
-13
1486356480
-1
99090432
1
11796480
73
743178240
-61
165150720
-71
165150720
59
61931520
23
20643840
-19
11796480
-67
35389440
11
5898240
13
5898240
-53
35389440
-7
3932160
17
20643840
61
61931520
-7
23592960
-59
165150720
47
743178240
19
247726080
-1
165150720
-11
1486356480
0
1486356480
-1
99090432
2
11796480
219
743178240
-244
165150720
-355
165150720
354
61931520
161
20643840
-152
11796480
-603
35389440
110
5898240
143
5898240
-636
35389440
-91
3932160
238
20643840
915
61931520
-112
23592960
-1003
165150720
846
743178240
361
247726080
-20
165150720
-231
1486356480
0
1486356480
0
99090432
2
11796480
438
743178240
-732
165150720
-1420
165150720
1770
61931520
966
20643840
-1064
11796480
-4824
35389440
990
5898240
1430
5898240
-6996
35389440
-1092
3932160
3094
20643840
12810
61931520
-1680
23592960
-16048
165150720
14382
743178240
6498
247726080
-380
165150720
-4620
1486356480
0
1486356480
0
99090432
0
11796480
438
743178240
-1464
165150720
-4260
165150720
7080
61931520
4830
20643840
-6384
11796480
-33768
35389440
7920
5898240
12870
5898240
-69960
35389440
-12012
3932160
37128
20643840
166530
61931520
-23520
23592960
-240720
165150720
230112
743178240
110466
247726080
-6840
165150720
-87780
1486356480
0
1486356480
0
99090432
0
11796480
0
743178240
-1464
165150720
-8520
165150720
21240
61931520
19320
20643840
-31920
11796480
-202608
35389440
55440
5898240
102960
5898240
-629640
35389440
-120120
3932160
408408
20643840
1998360
61931520
-305760
23592960
-3370080
165150720
3451680
743178240
1767456
247726080
-116280
165150720
-1580040
1486356480
0
1486356480
0
99090432
0
11796480
0
743178240
0
165150720
-8520
165150720
42480
61931520
57960
20643840
-127680
11796480
-1013040
35389440
332640
5898240
720720
5898240
-5037120
35389440
-1081080
3932160
4084080
20643840
21981960
61931520
-3669120
23592960
-43811040
165150720
48323520
743178240
26511840
247726080
-1860480
165150720
-26860680
1486356480
0
1486356480
0
99090432
0
11796480
0
743178240
0
165150720
0
165150720
42480
61931520
115920
20643840
-383040
11796480
-4052160
35389440
1663200
5898240
4324320
5898240
-35259840
35389440
-8648640
3932160
36756720
20643840
219819600
61931520
-40360320
23592960
-525732480
165150720
628205760
743178240
371165760
247726080
-27907200
165150720
-429770880
1486356480
0
1486356480
0
99090432
0
11796480
0
743178240
0
165150720
0
165150720
0
61931520
115920
20643840
-766080
11796480
-12156480
35389440
6652800
5898240
21621600
5898240
-211559040
35389440
-60540480
3932160
294053760
20643840
1978376400
61931520
-403603200
23592960
-5783057280
165150720
7538469120
743178240
4825154880
247726080
-390700800
165150720
-6446563200
1486356480
0
1486356480
0
99090432
0
11796480
0
743178240
0
165150720
0
165150720
0
61931520
0
20643840
-766080
11796480
-24312960
35389440
19958400
5898240
86486400
5898240
-1057795200
35389440
-363242880
3932160
2058376320
20643840
15827011200
61931520
-3632428800
23592960
-57830572800
165150720
82923160320
743178240
57901858560
247726080
-5079110400
165150720
-90251884800
1486356480
0
1486356480
0
99090432
0
11796480
0
743178240
0
165150720
0
165150720
0
61931520
0
20643840
0
11796480
-24312960
35389440
39916800
5898240
259459200
5898240
-4231180800
35389440
-1816214400
3932160
12350257920
20643840
110789078400
61931520
-29059430400
23592960
-520475155200
165150720
829231603200
743178240
636920444160
247726080
-60949324800
165150720
-1173274502400
1486356480
0
1486356480
0
99090432
0
11796480
0
743178240
0
165150720
0
165150720
0
61931520
0
20643840
0
11796480
0
35389440
39916800
5898240
518918400
5898240
-12693542400
35389440
-7264857600
3932160
61751289600
20643840
664734470400
61931520
-203416012800
23592960
-4163801241600
165150720
7463084428800
743178240
6369204441600
247726080
-670442572800
165150720
-14079294028800
1486356480
0
1486356480
0
99090432
0
11796480
0
743178240
0
165150720
0
165150720
0
61931520
0
20643840
0
11796480
0
35389440
0
5898240
518918400
5898240
-25387084800
35389440
-21794572800
3932160
247005158400
20643840
3323672352000
61931520
-1220496076800
23592960
-29146608691200
165150720
59704675430400
743178240
57322839974400
247726080
-6704425728000
165150720
-154872234316800
1486356480
1
7431782400
1
7431782400
-1
743178240
-1
743178240
1
165150720
1
165150720
-1
61931520
-1
61931520
1
35389440
1
35389440
-1
29491200
-1
29491200
1
35389440
1
35389440
-1
61931520
-1
61931520
1
165150720
1
165150720
-1
743178240
-1
743178240
1
7431782400
1
7431782400
0
7431782400
1
7431782400
-2
743178240
-3
743178240
4
165150720
5
165150720
-6
61931520
-7
61931520
8
35389440
9
35389440
-10
29491200
-11
29491200
12
35389440
13
35389440
-14
61931520
-15
61931520
16
165150720
17
165150720
-18
743178240
-19
743178240
20
7431782400
21
7431782400
0
7431782400
0
7431782400
-2
743178240
-6
743178240
12
165150720
20
165150720
-30
61931520
-42
61931520
56
35389440
72
35389440
-90
29491200
-110
29491200
132
35389440
156
35389440
-182
61931520
-210
61931520
240
165150720
272
165150720
-306
743178240
-342
743178240
380
7431782400
420
7431782400
0
7431782400
0
7431782400
0
743178240
-6
743178240
24
165150720
60
165150720
-120
61931520
-210
61931520
336
35389440
504
35389440
-720
29491200
-990
29491200
1320
35389440
1716
35389440
-2184
61931520
-2730
61931520
3360
165150720
4080
165150720
-4896
743178240
-5814
743178240
6840
7431782400
7980
7431782400
0
7431782400
0
7431782400
0
743178240
0
743178240
24
165150720
120
165150720
-360
61931520
-840
61931520
1680
35389440
3024
35389440
-5040
29491200
-7920
29491200
11880
35389440
17160
35389440
-24024
61931520
-32760
61931520
43680
165150720
57120
165150720
-73440
743178240
-93024
743178240
116280
7431782400
143640
7431782400
0
7431782400
0
7431782400
0
743178240
0
743178240
0
165150720
120
165150720
-720
61931520
-2520
61931520
6720
35389440
15120
35389440
-30240
29491200
-55440
29491200
95040
35389440
154440
35389440
-240240
61931520
-360360
61931520
524160
165150720
742560
165150720
-1028160
743178240
-1395360
743178240
1860480
7431782400
2441880
7431782400
0
7431782400
0
7431782400
0
743178240
0
743178240
0
165150720
0
165150720
-720
61931520
-5040
61931520
20160
35389440
60480
35389440
-151200
29491200
-332640
29491200
665280
35389440
1235520
35389440
-2162160
61931520
-3603600
61931520
5765760
165150720
8910720
165150720
-13366080
743178240
-19535040
743178240
27907200
7431782400
39070080
7431782400
0
7431782400
0
7431782400
0
743178240
0
743178240
0
165150720
0
165150720
0
61931520
-5040
61931520
40320
35389440
181440
35389440
-604800
29491200
-1663200
29491200
3991680
35389440
8648640
35389440
-17297280
61931520
-32432400
61931520
57657600
165150720
98017920
165150720
-160392960
743178240
-253955520
743178240
390700800
7431782400
586051200
7431782400
0
7431782400
0
7431782400
0
743178240
0
743178240
0
165150720
0
165150720
0
61931520
0
61931520
40320
35389440
362880
35389440
-1814400
29491200
-6652800
29491200
19958400
35389440
51891840
35389440
-121080960
61931520
-259459200
61931520
518918400
165150720
980179200
165150720
-1764322560
743178240
-3047466240
743178240
5079110400
7431782400
8204716800
7431782400
0
7431782400
0
7431782400
0
743178240
0
743178240
0
165150720
0
165150720
0
61931520
0
61931520
0
35389440
362880
35389440
-3628800
29491200
-19958400
29491200
79833600
35389440
259459200
35389440
-726485760
61931520
-1816214400
61931520
4151347200
165150720
8821612800
165150720
-17643225600
743178240
-33522128640
743178240
60949324800
7431782400
106661318400
7431782400
0
7431782400
0
7431782400
0
743178240
0
743178240
0
165150720
0
165150720
0
61931520
0
61931520
0
35389440
0
35389440
-3628800
29491200
-39916800
29491200
239500800
35389440
1037836800
35389440
-3632428800
61931520
-10897286400
61931520
29059430400
165150720
70572902400
165150720
-158789030400
743178240
-335221286400
743178240
670442572800
7431782400
1279935820800
7431782400
0
7431782400
0
7431782400
0
743178240
0
743178240
0
165150720
0
165150720
0
61931520
0
61931520
0
35389440
0
35389440
0
29491200
-39916800
29491200
479001600
35389440
3113510400
35389440
-14529715200
61931520
-54486432000
61931520
174356582400
165150720
494010316800
165150720
-1270312243200
743178240
-3016991577600
743178240
6704425728000
7431782400
14079294028800
7431782400
