1
2
-315
256
0
1
105
64
0
1
-189
128
0
1
45
64
0
1
-35
256
0
2
-315
256
0
1
315
64
0
1
-945
128
0
1
315
64
0
1
-315
256
0
2
0
256
0
1
630
64
0
1
-3780
128
0
1
1890
64
0
1
-2520
256
0
2
0
256
0
1
630
64
0
1
-11340
128
0
1
9450
64
0
1
-17640
256
0
2
0
256
0
1
0
64
0
1
-22680
128
0
1
37800
64
0
1
-105840
256
0
2
0
256
0
1
0
64
0
1
-22680
128
0
1
113400
64
0
1
-529200
256
93
256
-187
256
-35
64
105
64
35
128
-189
128
-7
64
45
64
5
256
-35
256
0
256
-187
256
-70
64
315
64
140
128
-945
128
-42
64
315
64
40
256
-315
256
0
256
0
256
-70
64
630
64
420
128
-3780
128
-210
64
1890
64
280
256
-2520
256
0
256
0
256
0
64
630
64
840
128
-11340
128
-840
64
9450
64
1680
256
-17640
256
0
256
0
256
0
64
0
64
840
128
-22680
128
-2520
64
37800
64
8400
256
-105840
256
0
256
0
256
0
64
0
64
0
128
-22680
128
-5040
64
113400
64
33600
256
-529200
256
29
256
-47
256
-19
64
35
64
35
128
-77
128
-7
64
19
64
5
256
-15
256
0
256
-47
256
-38
64
105
64
140
128
-385
128
-42
64
133
64
40
256
-135
256
0
256
0
256
-38
64
210
64
420
128
-1540
128
-210
64
798
64
280
256
-1080
256
0
256
0
256
0
64
210
64
840
128
-4620
128
-840
64
3990
64
1680
256
-7560
256
0
256
0
256
0
64
0
64
840
128
-9240
128
-2520
64
15960
64
8400
256
-45360
256
0
256
0
256
0
64
0
64
0
128
-9240
128
-5040
64
47880
64
33600
256
-226800
256
7
384
-3
128
-1
16
1
12
5
64
-7
64
-1
24
1
16
1
128
-5
384
0
384
-3
128
-2
16
3
12
20
64
-35
64
-6
24
7
16
8
128
-45
384
0
384
0
128
-2
16
6
12
60
64
-140
64
-30
24
42
16
56
128
-360
384
0
384
0
128
0
16
6
12
120
64
-420
64
-120
24
210
16
336
128
-2520
384
0
384
0
128
0
16
0
12
120
64
-840
64
-360
24
840
16
1680
128
-15120
384
0
384
0
128
0
16
0
12
0
64
-840
64
-720
24
2520
16
6720
128
-75600
384
1
768
-1
768
-1
192
1
192
1
128
-1
128
-1
192
1
192
1
768
-1
768
0
768
-1
768
-2
192
3
192
4
128
-5
128
-6
192
7
192
8
768
-9
768
0
768
0
768
-2
192
6
192
12
128
-20
128
-30
192
42
192
56
768
-72
768
0
768
0
768
0
192
6
192
24
128
-60
128
-120
192
210
192
336
768
-504
768
0
768
0
768
0
192
0
192
24
128
-120
128
-360
192
840
192
1680
768
-3024
768
0
768
0
768
0
192
0
192
0
128
-120
128
-720
192
2520
192
6720
768
-15120
768
1
2
315
256
0
1
-105
64
0
1
189
128
0
1
-45
64
0
1
35
256
0
2
315
256
0
1
-315
64
0
1
945
128
0
1
-315
64
0
1
315
256
0
2
0
256
0
1
-630
64
0
1
3780
128
0
1
-1890
64
0
1
2520
256
0
2
0
256
0
1
-630
64
0
1
11340
128
0
1
-9450
64
0
1
17640
256
0
2
0
256
0
1
0
64
0
1
22680
128
0
1
-37800
64
0
1
105840
256
0
2
0
256
0
1
0
64
0
1
22680
128
0
1
-113400
64
0
1
529200
256
-93
256
-187
256
35
64
105
64
-35
128
-189
128
7
64
45
64
-5
256
-35
256
0
256
-187
256
70
64
315
64
-140
128
-945
128
42
64
315
64
-40
256
-315
256
0
256
0
256
70
64
630
64
-420
128
-3780
128
210
64
1890
64
-280
256
-2520
256
0
256
0
256
0
64
630
64
-840
128
-11340
128
840
64
9450
64
-1680
256
-17640
256
0
256
0
256
0
64
0
64
-840
128
-22680
128
2520
64
37800
64
-8400
256
-105840
256
0
256
0
256
0
64
0
64
0
128
-22680
128
5040
64
113400
64
-33600
256
-529200
256
29
256
47
256
-19
64
-35
64
35
128
77
128
-7
64
-19
64
5
256
15
256
0
256
47
256
-38
64
-105
64
140
128
385
128
-42
64
-133
64
40
256
135
256
0
256
0
256
-38
64
-210
64
420
128
1540
128
-210
64
-798
64
280
256
1080
256
0
256
0
256
0
64
-210
64
840
128
4620
128
-840
64
-3990
64
1680
256
7560
256
0
256
0
256
0
64
0
64
840
128
9240
128
-2520
64
-15960
64
8400
256
45360
256
0
256
0
256
0
64
0
64
0
128
9240
128
-5040
64
-47880
64
33600
256
226800
256
-7
384
-3
128
1
16
1
12
-5
64
-7
64
1
24
1
16
-1
128
-5
384
0
384
-3
128
2
16
3
12
-20
64
-35
64
6
24
7
16
-8
128
-45
384
0
384
0
128
2
16
6
12
-60
64
-140
64
30
24
42
16
-56
128
-360
384
0
384
0
128
0
16
6
12
-120
64
-420
64
120
24
210
16
-336
128
-2520
384
0
384
0
128
0
16
0
12
-120
64
-840
64
360
24
840
16
-1680
128
-15120
384
0
384
0
128
0
16
0
12
0
64
-840
64
720
24
2520
16
-6720
128
-75600
384
1
768
1
768
-1
192
-1
192
1
128
1
128
-1
192
-1
192
1
768
1
768
0
768
1
768
-2
192
-3
192
4
128
5
128
-6
192
-7
192
8
768
9
768
0
768
0
768
-2
192
-6
192
12
128
20
128
-30
192
-42
192
56
768
72
768
0
768
0
768
0
192
-6
192
24
128
60
128
-120
192
-210
192
336
768
504
768
0
768
0
768
0
192
0
192
24
128
120
128
-360
192
-840
192
1680
768
3024
768
0
768
0
768
0
192
0
192
0
128
120
128
-720
192
-2520
192
6720
768
15120
768
