1
2
-3003
2048
0
1
3003
1024
0
1
-9009
2048
0
1
2145
512
0
1
-5005
2048
0
1
819
1024
0
1
-231
2048
0
2
-3003
2048
0
1
9009
1024
0
1
-45045
2048
0
1
15015
512
0
1
-45045
2048
0
1
9009
1024
0
1
-3003
2048
0
2
0
2048
0
1
18018
1024
0
1
-180180
2048
0
1
90090
512
0
1
-360360
2048
0
1
90090
1024
0
1
-36036
2048
0
2
0
2048
0
1
18018
1024
0
1
-540540
2048
0
1
450450
512
0
1
-2522520
2048
0
1
810810
1024
0
1
-396396
2048
0
2
0
2048
0
1
0
1024
0
1
-1081080
2048
0
1
1801800
512
0
1
-15135120
2048
0
1
6486480
1024
0
1
-3963960
2048
0
2
0
2048
0
1
0
1024
0
1
-1081080
2048
0
1
5405400
512
0
1
-75675600
2048
0
1
45405360
1024
0
1
-35675640
2048
0
2
0
2048
0
1
0
1024
0
1
0
2048
0
1
10810800
512
0
1
-302702400
2048
0
1
272432160
1024
0
1
-285405120
2048
0
2
0
2048
0
1
0
1024
0
1
0
2048
0
1
10810800
512
0
1
-908107200
2048
0
1
1362160800
1024
0
1
-1997835840
2048
793
2048
-1979
2048
-693
1024
3003
1024
1155
2048
-9009
2048
-231
512
2145
512
495
2048
-5005
2048
-77
1024
819
1024
21
2048
-231
2048
0
2048
-1979
2048
-1386
1024
9009
1024
4620
2048
-45045
2048
-1386
512
15015
512
3960
2048
-45045
2048
-770
1024
9009
1024
252
2048
-3003
2048
0
2048
0
2048
-1386
1024
18018
1024
13860
2048
-180180
2048
-6930
512
90090
512
27720
2048
-360360
2048
-6930
1024
90090
1024
2772
2048
-36036
2048
0
2048
0
2048
0
1024
18018
1024
27720
2048
-540540
2048
-27720
512
450450
512
166320
2048
-2522520
2048
-55440
1024
810810
1024
27720
2048
-396396
2048
0
2048
0
2048
0
1024
0
1024
27720
2048
-1081080
2048
-83160
512
1801800
512
831600
2048
-15135120
2048
-388080
1024
6486480
1024
249480
2048
-3963960
2048
0
2048
0
2048
0
1024
0
1024
0
2048
-1081080
2048
-166320
512
5405400
512
3326400
2048
-75675600
2048
-2328480
1024
45405360
1024
1995840
2048
-35675640
2048
0
2048
0
2048
0
1024
0
1024
0
2048
0
2048
-166320
512
10810800
512
9979200
2048
-302702400
2048
-11642400
1024
272432160
1024
13970880
2048
-285405120
2048
0
2048
0
2048
0
1024
0
1024
0
2048
0
2048
0
512
10810800
512
19958400
2048
-908107200
2048
-46569600
1024
1362160800
1024
83825280
2048
-1997835840
2048
281
2048
-593
2048
-437
1024
1155
1024
1155
2048
-3927
2048
-231
512
957
512
495
2048
-2255
2048
-77
1024
371
1024
21
2048
-105
2048
0
2048
-593
2048
-874
1024
3465
1024
4620
2048
-19635
2048
-1386
512
6699
512
3960
2048
-20295
2048
-770
1024
4081
1024
252
2048
-1365
2048
0
2048
0
2048
-874
1024
6930
1024
13860
2048
-78540
2048
-6930
512
40194
512
27720
2048
-162360
2048
-6930
1024
40810
1024
2772
2048
-16380
2048
0
2048
0
2048
0
1024
6930
1024
27720
2048
-235620
2048
-27720
512
200970
512
166320
2048
-1136520
2048
-55440
1024
367290
1024
27720
2048
-180180
2048
0
2048
0
2048
0
1024
0
1024
27720
2048
-471240
2048
-83160
512
803880
512
831600
2048
-6819120
2048
-388080
1024
2938320
1024
249480
2048
-1801800
2048
0
2048
0
2048
0
1024
0
1024
0
2048
-471240
2048
-166320
512
2411640
512
3326400
2048
-34095600
2048
-2328480
1024
20568240
1024
1995840
2048
-16216200
2048
0
2048
0
2048
0
1024
0
1024
0
2048
0
2048
-166320
512
4823280
512
9979200
2048
-136382400
2048
-11642400
1024
123409440
1024
13970880
2048
-129729600
2048
0
2048
0
2048
0
1024
0
1024
0
2048
0
2048
0
512
4823280
512
19958400
2048
-409147200
2048
-46569600
1024
617047200
1024
83825280
2048
-908107200
2048
11
384
-13
256
-61
512
359
1536
105
512
-231
512
-49
256
121
256
27
256
-55
192
-17
512
49
512
7
1536
-7
512
0
384
-13
256
-122
512
1077
1536
420
512
-1155
512
-294
256
847
256
216
256
-495
192
-170
512
539
512
84
1536
-91
512
0
384
0
256
-122
512
2154
1536
1260
512
-4620
512
-1470
256
5082
256
1512
256
-3960
192
-1530
512
5390
512
924
1536
-1092
512
0
384
0
256
0
512
2154
1536
2520
512
-13860
512
-5880
256
25410
256
9072
256
-27720
192
-12240
512
48510
512
9240
1536
-12012
512
0
384
0
256
0
512
0
1536
2520
512
-27720
512
-17640
256
101640
256
45360
256
-166320
192
-85680
512
388080
512
83160
1536
-120120
512
0
384
0
256
0
512
0
1536
0
512
-27720
512
-35280
256
304920
256
181440
256
-831600
192
-514080
512
2716560
512
665280
1536
-1081080
512
0
384
0
256
0
512
0
1536
0
512
0
512
-35280
256
609840
256
544320
256
-3326400
192
-2570400
512
16299360
512
4656960
1536
-8648640
512
0
384
0
256
0
512
0
1536
0
512
0
512
0
256
609840
256
1088640
256
-9979200
192
-10281600
512
81496800
512
27941760
1536
-60540480
512
23
6144
-17
3072
-19
1024
11
384
233
6144
-63
1024
-21
512
9
128
51
2048
-139
3072
-25
3072
1
64
7
6144
-7
3072
0
6144
-17
3072
-38
1024
33
384
932
6144
-315
1024
-126
512
63
128
408
2048
-1251
3072
-250
3072
11
64
84
6144
-91
3072
0
6144
0
3072
-38
1024
66
384
2796
6144
-1260
1024
-630
512
378
128
2856
2048
-10008
3072
-2250
3072
110
64
924
6144
-1092
3072
0
6144
0
3072
0
1024
66
384
5592
6144
-3780
1024
-2520
512
1890
128
17136
2048
-70056
3072
-18000
3072
990
64
9240
6144
-12012
3072
0
6144
0
3072
0
1024
0
384
5592
6144
-7560
1024
-7560
512
7560
128
85680
2048
-420336
3072
-126000
3072
7920
64
83160
6144
-120120
3072
0
6144
0
3072
0
1024
0
384
0
6144
-7560
1024
-15120
512
22680
128
342720
2048
-2101680
3072
-756000
3072
55440
64
665280
6144
-1081080
3072
0
6144
0
3072
0
1024
0
384
0
6144
0
1024
-15120
512
45360
128
1028160
2048
-8406720
3072
-3780000
3072
332640
64
4656960
6144
-8648640
3072
0
6144
0
3072
0
1024
0
384
0
6144
0
1024
0
512
45360
128
2056320
2048
-25220160
3072
-15120000
3072
1663200
64
27941760
6144
-60540480
3072
3
10240
-11
30720
-5
3072
31
15360
23
6144
-29
6144
-7
1536
3
512
19
6144
-25
6144
-17
15360
23
15360
1
6144
-7
30720
0
10240
-11
30720
-10
3072
93
15360
92
6144
-145
6144
-42
1536
21
512
152
6144
-225
6144
-170
15360
253
15360
12
6144
-91
30720
0
10240
0
30720
-10
3072
186
15360
276
6144
-580
6144
-210
1536
126
512
1064
6144
-1800
6144
-1530
15360
2530
15360
132
6144
-1092
30720
0
10240
0
30720
0
3072
186
15360
552
6144
-1740
6144
-840
1536
630
512
6384
6144
-12600
6144
-12240
15360
22770
15360
1320
6144
-12012
30720
0
10240
0
30720
0
3072
0
15360
552
6144
-3480
6144
-2520
1536
2520
512
31920
6144
-75600
6144
-85680
15360
182160
15360
11880
6144
-120120
30720
0
10240
0
30720
0
3072
0
15360
0
6144
-3480
6144
-5040
1536
7560
512
127680
6144
-378000
6144
-514080
15360
1275120
15360
95040
6144
-1081080
30720
0
10240
0
30720
0
3072
0
15360
0
6144
0
6144
-5040
1536
15120
512
383040
6144
-1512000
6144
-2570400
15360
7650720
15360
665280
6144
-8648640
30720
0
10240
0
30720
0
3072
0
15360
0
6144
0
6144
0
1536
15120
512
766080
6144
-4536000
6144
-10281600
15360
38253600
15360
3991680
6144
-60540480
30720
1
92160
-1
92160
-1
15360
1
15360
1
6144
-1
6144
-1
4608
1
4608
1
6144
-1
6144
-1
15360
1
15360
1
92160
-1
92160
0
92160
-1
92160
-2
15360
3
15360
4
6144
-5
6144
-6
4608
7
4608
8
6144
-9
6144
-10
15360
11
15360
12
92160
-13
92160
0
92160
0
92160
-2
15360
6
15360
12
6144
-20
6144
-30
4608
42
4608
56
6144
-72
6144
-90
15360
110
15360
132
92160
-156
92160
0
92160
0
92160
0
15360
6
15360
24
6144
-60
6144
-120
4608
210
4608
336
6144
-504
6144
-720
15360
990
15360
1320
92160
-1716
92160
0
92160
0
92160
0
15360
0
15360
24
6144
-120
6144
-360
4608
840
4608
1680
6144
-3024
6144
-5040
15360
7920
15360
11880
92160
-17160
92160
0
92160
0
92160
0
15360
0
15360
0
6144
-120
6144
-720
4608
2520
4608
6720
6144
-15120
6144
-30240
15360
55440
15360
95040
92160
-154440
92160
0
92160
0
92160
0
15360
0
15360
0
6144
0
6144
-720
4608
5040
4608
20160
6144
-60480
6144
-151200
15360
332640
15360
665280
92160
-1235520
92160
0
92160
0
92160
0
15360
0
15360
0
6144
0
6144
0
4608
5040
4608
40320
6144
-181440
6144
-604800
15360
1663200
15360
3991680
92160
-8648640
92160
1
2
3003
2048
0
1
-3003
1024
0
1
9009
2048
0
1
-2145
512
0
1
5005
2048
0
1
-819
1024
0
1
231
2048
0
2
3003
2048
0
1
-9009
1024
0
1
45045
2048
0
1
-15015
512
0
1
45045
2048
0
1
-9009
1024
0
1
3003
2048
0
2
0
2048
0
1
-18018
1024
0
1
180180
2048
0
1
-90090
512
0
1
360360
2048
0
1
-90090
1024
0
1
36036
2048
0
2
0
2048
0
1
-18018
1024
0
1
540540
2048
0
1
-450450
512
0
1
2522520
2048
0
1
-810810
1024
0
1
396396
2048
0
2
0
2048
0
1
0
1024
0
1
1081080
2048
0
1
-1801800
512
0
1
15135120
2048
0
1
-6486480
1024
0
1
3963960
2048
0
2
0
2048
0
1
0
1024
0
1
1081080
2048
0
1
-5405400
512
0
1
75675600
2048
0
1
-45405360
1024
0
1
35675640
2048
0
2
0
2048
0
1
0
1024
0
1
0
2048
0
1
-10810800
512
0
1
302702400
2048
0
1
-272432160
1024
0
1
285405120
2048
0
2
0
2048
0
1
0
1024
0
1
0
2048
0
1
-10810800
512
0
1
908107200
2048
0
1
-1362160800
1024
0
1
1997835840
2048
-793
2048
-1979
2048
693
1024
3003
1024
-1155
2048
-9009
2048
231
512
2145
512
-495
2048
-5005
2048
77
1024
819
1024
-21
2048
-231
2048
0
2048
-1979
2048
1386
1024
9009
1024
-4620
2048
-45045
2048
1386
512
15015
512
-3960
2048
-45045
2048
770
1024
9009
1024
-252
2048
-3003
2048
0
2048
0
2048
1386
1024
18018
1024
-13860
2048
-180180
2048
6930
512
90090
512
-27720
2048
-360360
2048
6930
1024
90090
1024
-2772
2048
-36036
2048
0
2048
0
2048
0
1024
18018
1024
-27720
2048
-540540
2048
27720
512
450450
512
-166320
2048
-2522520
2048
55440
1024
810810
1024
-27720
2048
-396396
2048
0
2048
0
2048
0
1024
0
1024
-27720
2048
-1081080
2048
83160
512
1801800
512
-831600
2048
-15135120
2048
388080
1024
6486480
1024
-249480
2048
-3963960
2048
0
2048
0
2048
0
1024
0
1024
0
2048
-1081080
2048
166320
512
5405400
512
-3326400
2048
-75675600
2048
2328480
1024
45405360
1024
-1995840
2048
-35675640
2048
0
2048
0
2048
0
1024
0
1024
0
2048
0
2048
166320
512
10810800
512
-9979200
2048
-302702400
2048
11642400
1024
272432160
1024
-13970880
2048
-285405120
2048
0
2048
0
2048
0
1024
0
1024
0
2048
0
2048
0
512
10810800
512
-19958400
2048
-908107200
2048
46569600
1024
1362160800
1024
-83825280
2048
-1997835840
2048
281
2048
593
2048
-437
1024
-1155
1024
1155
2048
3927
2048
-231
512
-957
512
495
2048
2255
2048
-77
1024
-371
1024
21
2048
105
2048
0
2048
593
2048
-874
1024
-3465
1024
4620
2048
19635
2048
-1386
512
-6699
512
3960
2048
20295
2048
-770
1024
-4081
1024
252
2048
1365
2048
0
2048
0
2048
-874
1024
-6930
1024
13860
2048
78540
2048
-6930
512
-40194
512
27720
2048
162360
2048
-6930
1024
-40810
1024
2772
2048
16380
2048
0
2048
0
2048
0
1024
-6930
1024
27720
2048
235620
2048
-27720
512
-200970
512
166320
2048
1136520
2048
-55440
1024
-367290
1024
27720
2048
180180
2048
0
2048
0
2048
0
1024
0
1024
27720
2048
471240
2048
-83160
512
-803880
512
831600
2048
6819120
2048
-388080
1024
-2938320
1024
249480
2048
1801800
2048
0
2048
0
2048
0
1024
0
1024
0
2048
471240
2048
-166320
512
-2411640
512
3326400
2048
34095600
2048
-2328480
1024
-20568240
1024
1995840
2048
16216200
2048
0
2048
0
2048
0
1024
0
1024
0
2048
0
2048
-166320
512
-4823280
512
9979200
2048
136382400
2048
-11642400
1024
-123409440
1024
13970880
2048
129729600
2048
0
2048
0
2048
0
1024
0
1024
0
2048
0
2048
0
512
-4823280
512
19958400
2048
409147200
2048
-46569600
1024
-617047200
1024
83825280
2048
908107200
2048
-11
384
-13
256
61
512
359
1536
-105
512
-231
512
49
256
121
256
-27
256
-55
192
17
512
49
512
-7
1536
-7
512
0
384
-13
256
122
512
1077
1536
-420
512
-1155
512
294
256
847
256
-216
256
-495
192
170
512
539
512
-84
1536
-91
512
0
384
0
256
122
512
2154
1536
-1260
512
-4620
512
1470
256
5082
256
-1512
256
-3960
192
1530
512
5390
512
-924
1536
-1092
512
0
384
0
256
0
512
2154
1536
-2520
512
-13860
512
5880
256
25410
256
-9072
256
-27720
192
12240
512
48510
512
-9240
1536
-12012
512
0
384
0
256
0
512
0
1536
-2520
512
-27720
512
17640
256
101640
256
-45360
256
-166320
192
85680
512
388080
512
-83160
1536
-120120
512
0
384
0
256
0
512
0
1536
0
512
-27720
512
35280
256
304920
256
-181440
256
-831600
192
514080
512
2716560
512
-665280
1536
-1081080
512
0
384
0
256
0
512
0
1536
0
512
0
512
35280
256
609840
256
-544320
256
-3326400
192
2570400
512
16299360
512
-4656960
1536
-8648640
512
0
384
0
256
0
512
0
1536
0
512
0
512
0
256
609840
256
-1088640
256
-9979200
192
10281600
512
81496800
512
-27941760
1536
-60540480
512
23
6144
17
3072
-19
1024
-11
384
233
6144
63
1024
-21
512
-9
128
51
2048
139
3072
-25
3072
-1
64
7
6144
7
3072
0
6144
17
3072
-38
1024
-33
384
932
6144
315
1024
-126
512
-63
128
408
2048
1251
3072
-250
3072
-11
64
84
6144
91
3072
0
6144
0
3072
-38
1024
-66
384
2796
6144
1260
1024
-630
512
-378
128
2856
2048
10008
3072
-2250
3072
-110
64
924
6144
1092
3072
0
6144
0
3072
0
1024
-66
384
5592
6144
3780
1024
-2520
512
-1890
128
17136
2048
70056
3072
-18000
3072
-990
64
9240
6144
12012
3072
0
6144
0
3072
0
1024
0
384
5592
6144
7560
1024
-7560
512
-7560
128
85680
2048
420336
3072
-126000
3072
-7920
64
83160
6144
120120
3072
0
6144
0
3072
0
1024
0
384
0
6144
7560
1024
-15120
512
-22680
128
342720
2048
2101680
3072
-756000
3072
-55440
64
665280
6144
1081080
3072
0
6144
0
3072
0
1024
0
384
0
6144
0
1024
-15120
512
-45360
128
1028160
2048
8406720
3072
-3780000
3072
-332640
64
4656960
6144
8648640
3072
0
6144
0
3072
0
1024
0
384
0
6144
0
1024
0
512
-45360
128
2056320
2048
25220160
3072
-15120000
3072
-1663200
64
27941760
6144
60540480
3072
-3
10240
-11
30720
5
3072
31
15360
-23
6144
-29
6144
7
1536
3
512
-19
6144
-25
6144
17
15360
23
15360
-1
6144
-7
30720
0
10240
-11
30720
10
3072
93
15360
-92
6144
-145
6144
42
1536
21
512
-152
6144
-225
6144
170
15360
253
15360
-12
6144
-91
30720
0
10240
0
30720
10
3072
186
15360
-276
6144
-580
6144
210
1536
126
512
-1064
6144
-1800
6144
1530
15360
2530
15360
-132
6144
-1092
30720
0
10240
0
30720
0
3072
186
15360
-552
6144
-1740
6144
840
1536
630
512
-6384
6144
-12600
6144
12240
15360
22770
15360
-1320
6144
-12012
30720
0
10240
0
30720
0
3072
0
15360
-552
6144
-3480
6144
2520
1536
2520
512
-31920
6144
-75600
6144
85680
15360
182160
15360
-11880
6144
-120120
30720
0
10240
0
30720
0
3072
0
15360
0
6144
-3480
6144
5040
1536
7560
512
-127680
6144
-378000
6144
514080
15360
1275120
15360
-95040
6144
-1081080
30720
0
10240
0
30720
0
3072
0
15360
0
6144
0
6144
5040
1536
15120
512
-383040
6144
-1512000
6144
2570400
15360
7650720
15360
-665280
6144
-8648640
30720
0
10240
0
30720
0
3072
0
15360
0
6144
0
6144
0
1536
15120
512
-766080
6144
-4536000
6144
10281600
15360
38253600
15360
-3991680
6144
-60540480
30720
1
92160
1
92160
-1
15360
-1
15360
1
6144
1
6144
-1
4608
-1
4608
1
6144
1
6144
-1
15360
-1
15360
1
92160
1
92160
0
92160
1
92160
-2
15360
-3
15360
4
6144
5
6144
-6
4608
-7
4608
8
6144
9
6144
-10
15360
-11
15360
12
92160
13
92160
0
92160
0
92160
-2
15360
-6
15360
12
6144
20
6144
-30
4608
-42
4608
56
6144
72
6144
-90
15360
-110
15360
132
92160
156
92160
0
92160
0
92160
0
15360
-6
15360
24
6144
60
6144
-120
4608
-210
4608
336
6144
504
6144
-720
15360
-990
15360
1320
92160
1716
92160
0
92160
0
92160
0
15360
0
15360
24
6144
120
6144
-360
4608
-840
4608
1680
6144
3024
6144
-5040
15360
-7920
15360
11880
92160
17160
92160
0
92160
0
92160
0
15360
0
15360
0
6144
120
6144
-720
4608
-2520
4608
6720
6144
15120
6144
-30240
15360
-55440
15360
95040
92160
154440
92160
0
92160
0
92160
0
15360
0
15360
0
6144
0
6144
-720
4608
-5040
4608
20160
6144
60480
6144
-151200
15360
-332640
15360
665280
92160
1235520
92160
0
92160
0
92160
0
15360
0
15360
0
6144
0
6144
0
4608
-5040
4608
40320
6144
181440
6144
-604800
15360
-1663200
15360
3991680
92160
8648640
92160
