1
2
-6435
4096
0
1
15015
4096
0
1
-27027
4096
0
1
32175
4096
0
1
-25025
4096
0
1
12285
4096
0
1
-3465
4096
0
1
429
4096
1619
4096
-4387
4096
-3003
4096
15015
4096
3003
4096
-27027
4096
-3003
4096
32175
4096
2145
4096
-25025
4096
-1001
4096
12285
4096
273
4096
-3465
4096
-33
4096
429
4096
595
4096
-173
512
-1979
4096
3003
2048
3003
4096
-3003
1024
-3003
4096
7293
2048
2145
4096
-715
256
-1001
4096
2821
2048
273
4096
-399
1024
-33
4096
99
2048
397
12288
-263
4096
-593
4096
4027
12288
1155
4096
-3003
4096
-1309
4096
3861
4096
957
4096
-9295
12288
-451
4096
1547
4096
371
12288
-441
4096
-15
4096
55
4096
29
6144
-49
6144
-13
512
281
6144
359
6144
-231
2048
-77
1024
319
2048
121
2048
-803
6144
-11
384
137
2048
49
6144
-119
6144
-1
1024
5
2048
7
15360
-1
1536
-17
6144
25
6144
11
1536
-167
15360
-21
2048
33
2048
9
1024
-11
768
-139
30720
47
6144
1
768
-7
3072
-1
6144
3
10240
1
36864
-1
30720
-11
61440
1
4608
31
61440
-19
30720
-29
36864
1
1024
3
4096
-17
18432
-5
12288
1
1920
23
184320
-1
6144
-1
61440
1
46080
1
1290240
-1
1290240
-1
184320
1
184320
1
61440
-1
61440
-1
36864
1
36864
1
36864
-1
36864
-1
61440
1
61440
1
184320
-1
184320
-1
1290240
1
1290240
1
2
6435
4096
0
1
-15015
4096
0
1
27027
4096
0
1
-32175
4096
0
1
25025
4096
0
1
-12285
4096
0
1
3465
4096
0
1
-429
4096
-1619
4096
-4387
4096
3003
4096
15015
4096
-3003
4096
-27027
4096
3003
4096
32175
4096
-2145
4096
-25025
4096
1001
4096
12285
4096
-273
4096
-3465
4096
33
4096
429
4096
595
4096
173
512
-1979
4096
-3003
2048
3003
4096
3003
1024
-3003
4096
-7293
2048
2145
4096
715
256
-1001
4096
-2821
2048
273
4096
399
1024
-33
4096
-99
2048
-397
12288
-263
4096
593
4096
4027
12288
-1155
4096
-3003
4096
1309
4096
3861
4096
-957
4096
-9295
12288
451
4096
1547
4096
-371
12288
-441
4096
15
4096
55
4096
29
6144
49
6144
-13
512
-281
6144
359
6144
231
2048
-77
1024
-319
2048
121
2048
803
6144
-11
384
-137
2048
49
6144
119
6144
-1
1024
-5
2048
-7
15360
-1
1536
17
6144
25
6144
-11
1536
-167
15360
21
2048
33
2048
-9
1024
-11
768
139
30720
47
6144
-1
768
-7
3072
1
6144
3
10240
1
36864
1
30720
-11
61440
-1
4608
31
61440
19
30720
-29
36864
-1
1024
3
4096
17
18432
-5
12288
-1
1920
23
184320
1
6144
-1
61440
-1
46080
-1
1290240
-1
1290240
1
184320
1
184320
-1
61440
-1
61440
1
36864
1
36864
-1
36864
-1
36864
1
61440
1
61440
-1
184320
-1
184320
1
1290240
1
1290240
