1
2
-109395
65536
0
1
36465
8192
0
1
-153153
16384
0
1
109395
8192
0
1
-425425
32768
0
1
69615
8192
0
1
-58905
16384
0
1
7293
8192
0
1
-6435
65536
26333
65536
-76627
65536
-6435
8192
36465
8192
15015
16384
-153153
16384
-9009
8192
109395
8192
32175
32768
-425425
32768
-5005
8192
69615
8192
4095
16384
-58905
16384
-495
8192
7293
8192
429
65536
-6435
65536
9949
65536
-25147
65536
-4387
8192
15015
8192
15015
16384
-69069
16384
-9009
8192
50193
8192
32175
32768
-196625
32768
-5005
8192
32305
8192
4095
16384
-27405
16384
-495
8192
3399
8192
429
65536
-3003
65536
3473
98304
-2533
32768
-173
1024
2657
6144
3003
8192
-9009
8192
-1001
2048
429
256
7293
16384
-82225
49152
-143
512
2275
2048
2821
24576
-3885
8192
-57
2048
121
1024
99
32768
-429
32768
1093
196608
-2063
196608
-263
8192
1619
24576
4027
49152
-3003
16384
-1001
8192
2431
8192
3861
32768
-30173
98304
-1859
24576
1703
8192
1547
49152
-4417
49152
-63
8192
185
8192
55
65536
-165
65536
299
491520
-97
98304
-49
12288
83
12288
281
24576
-2491
122880
-77
4096
143
4096
319
16384
-1859
49152
-803
61440
325
12288
137
24576
-287
24576
-17
12288
61
20480
5
32768
-11
32768
67
1474560
-31
491520
-1
3072
17
36864
25
24576
-181
122880
-167
92160
11
4096
33
16384
-451
147456
-11
7680
137
61440
47
73728
-25
24576
-1
6144
49
184320
3
163840
-1
32768
11
5160960
-13
5160960
-1
61440
5
258048
1
18432
-1
15360
-19
184320
23
184320
1
8192
-11
73728
-17
184320
7
61440
1
23040
-1
18432
-1
86016
19
1290240
1
737280
-1
573440
1
20643840
-1
20643840
-1
2580480
1
2580480
1
737280
-1
737280
-1
368640
1
368640
1
294912
-1
294912
-1
368640
1
368640
1
737280
-1
737280
-1
2580480
1
2580480
1
20643840
-1
20643840
1
2
109395
65536
0
1
-36465
8192
0
1
153153
16384
0
1
-109395
8192
0
1
425425
32768
0
1
-69615
8192
0
1
58905
16384
0
1
-7293
8192
0
1
6435
65536
-26333
65536
-76627
65536
6435
8192
36465
8192
-15015
16384
-153153
16384
9009
8192
109395
8192
-32175
32768
-425425
32768
5005
8192
69615
8192
-4095
16384
-58905
16384
495
8192
7293
8192
-429
65536
-6435
65536
9949
65536
25147
65536
-4387
8192
-15015
8192
15015
16384
69069
16384
-9009
8192
-50193
8192
32175
32768
196625
32768
-5005
8192
-32305
8192
4095
16384
27405
16384
-495
8192
-3399
8192
429
65536
3003
65536
-3473
98304
-2533
32768
173
1024
2657
6144
-3003
8192
-9009
8192
1001
2048
429
256
-7293
16384
-82225
49152
143
512
2275
2048
-2821
24576
-3885
8192
57
2048
121
1024
-99
32768
-429
32768
1093
196608
2063
196608
-263
8192
-1619
24576
4027
49152
3003
16384
-1001
8192
-2431
8192
3861
32768
30173
98304
-1859
24576
-1703
8192
1547
49152
4417
49152
-63
8192
-185
8192
55
65536
165
65536
-299
491520
-97
98304
49
12288
83
12288
-281
24576
-2491
122880
77
4096
143
4096
-319
16384
-1859
49152
803
61440
325
12288
-137
24576
-287
24576
17
12288
61
20480
-5
32768
-11
32768
67
1474560
31
491520
-1
3072
-17
36864
25
24576
181
122880
-167
92160
-11
4096
33
16384
451
147456
-11
7680
-137
61440
47
73728
25
24576
-1
6144
-49
184320
3
163840
1
32768
-11
5160960
-13
5160960
1
61440
5
258048
-1
18432
-1
15360
19
184320
23
184320
-1
8192
-11
73728
17
184320
7
61440
-1
23040
-1
18432
1
86016
19
1290240
-1
737280
-1
573440
1
20643840
1
20643840
-1
2580480
-1
2580480
1
737280
1
737280
-1
368640
-1
368640
1
294912
1
294912
-1
368640
-1
368640
1
737280
1
737280
-1
2580480
-1
2580480
1
20643840
1
20643840
