1
2
-230945
131072
0
1
692835
131072
0
1
-415701
32768
0
1
692835
32768
0
1
-1616615
65536
0
1
1322685
65536
0
1
-373065
32768
0
1
138567
32768
0
1
-122265
131072
0
1
12155
131072
53381
131072
-165409
131072
-109395
131072
692835
131072
36465
32768
-415701
32768
-51051
32768
692835
32768
109395
65536
-1616615
65536
-85085
65536
1322685
65536
23205
32768
-373065
32768
-8415
32768
138567
32768
7293
131072
-122265
131072
-715
131072
12155
131072
20613
131072
-28007
65536
-76627
131072
36465
16384
36465
32768
-94809
16384
-51051
32768
80223
8192
109395
65536
-376805
32768
-85085
65536
38675
4096
23205
32768
-87465
16384
-8415
32768
16269
8192
7293
131072
-28743
65536
-715
131072
715
16384
14893
393216
-35401
393216
-25147
131072
215093
393216
15015
32768
-51051
32768
-23023
32768
89947
32768
50193
65536
-644215
196608
-39325
65536
177905
65536
32305
98304
-50575
32768
-3915
32768
18887
32768
3399
131072
-16731
131072
-1001
393216
5005
393216
103
16384
-1709
131072
-2533
65536
34913
393216
2657
24576
-9009
32768
-3003
16384
16731
32768
429
2048
-123409
196608
-16445
98304
34645
65536
2275
24576
-29855
98304
-555
16384
3743
32768
121
16384
-3333
131072
-143
196608
1001
393216
1471
1966080
-177
131072
-2063
393216
3943
393216
1619
98304
-16399
491520
-1001
32768
2145
32768
2431
65536
-16445
196608
-30173
983040
14209
196608
1703
98304
-4151
98304
-631
98304
2633
163840
185
131072
-473
131072
-55
393216
143
393216
21
327680
-37
368640
-97
196608
235
294912
83
49152
-173
61440
-2491
737280
143
24576
143
32768
-143
18432
-1859
491520
1703
245760
325
147456
-17
4096
-41
49152
593
368640
61
327680
-3
8192
-11
589824
11
294912
79
20643840
-107
20643840
-31
983040
179
4128768
17
147456
-277
1720320
-181
737280
257
737280
11
32768
-143
294912
-451
1474560
221
491520
137
737280
-41
147456
-25
344064
571
5160960
49
2949120
-59
2293760
-1
589824
11
4128768
1
6881280
-1
5898240
-13
10321920
61
41287680
5
1032192
-59
10321920
-1
92160
19
1474560
23
1474560
-11
589824
-11
737280
53
2949120
7
737280
-17
1474560
-1
258048
7
1474560
19
20643840
-47
41287680
-1
10321920
1
8257536
1
371589120
-1
371589120
-1
41287680
1
41287680
1
10321920
-1
10321920
-1
4423680
1
4423680
1
2949120
-1
2949120
-1
2949120
1
2949120
1
4423680
-1
4423680
-1
10321920
1
10321920
1
41287680
-1
41287680
-1
371589120
1
371589120
1
2
230945
131072
0
1
-692835
131072
0
1
415701
32768
0
1
-692835
32768
0
1
1616615
65536
0
1
-1322685
65536
0
1
373065
32768
0
1
-138567
32768
0
1
122265
131072
0
1
-12155
131072
-53381
131072
-165409
131072
109395
131072
692835
131072
-36465
32768
-415701
32768
51051
32768
692835
32768
-109395
65536
-1616615
65536
85085
65536
1322685
65536
-23205
32768
-373065
32768
8415
32768
138567
32768
-7293
131072
-122265
131072
715
131072
12155
131072
20613
131072
28007
65536
-76627
131072
-36465
16384
36465
32768
94809
16384
-51051
32768
-80223
8192
109395
65536
376805
32768
-85085
65536
-38675
4096
23205
32768
87465
16384
-8415
32768
-16269
8192
7293
131072
28743
65536
-715
131072
-715
16384
-14893
393216
-35401
393216
25147
131072
215093
393216
-15015
32768
-51051
32768
23023
32768
89947
32768
-50193
65536
-644215
196608
39325
65536
177905
65536
-32305
98304
-50575
32768
3915
32768
18887
32768
-3399
131072
-16731
131072
1001
393216
5005
393216
103
16384
1709
131072
-2533
65536
-34913
393216
2657
24576
9009
32768
-3003
16384
-16731
32768
429
2048
123409
196608
-16445
98304
-34645
65536
2275
24576
29855
98304
-555
16384
-3743
32768
121
16384
3333
131072
-143
196608
-1001
393216
-1471
1966080
-177
131072
2063
393216
3943
393216
-1619
98304
-16399
491520
1001
32768
2145
32768
-2431
65536
-16445
196608
30173
983040
14209
196608
-1703
98304
-4151
98304
631
98304
2633
163840
-185
131072
-473
131072
55
393216
143
393216
21
327680
37
368640
-97
196608
-235
294912
83
49152
173
61440
-2491
737280
-143
24576
143
32768
143
18432
-1859
491520
-1703
245760
325
147456
17
4096
-41
49152
-593
368640
61
327680
3
8192
-11
589824
-11
294912
-79
20643840
-107
20643840
31
983040
179
4128768
-17
147456
-277
1720320
181
737280
257
737280
-11
32768
-143
294912
451
1474560
221
491520
-137
737280
-41
147456
25
344064
571
5160960
-49
2949120
-59
2293760
1
589824
11
4128768
1
6881280
1
5898240
-13
10321920
-61
41287680
5
1032192
59
10321920
-1
92160
-19
1474560
23
1474560
11
589824
-11
737280
-53
2949120
7
737280
17
1474560
-1
258048
-7
1474560
19
20643840
47
41287680
-1
10321920
-1
8257536
-1
371589120
-1
371589120
1
41287680
1
41287680
-1
10321920
-1
10321920
1
4423680
1
4423680
-1
2949120
-1
2949120
1
2949120
1
2949120
-1
4423680
-1
4423680
1
10321920
1
10321920
-1
41287680
-1
41287680
1
371589120
1
371589120
