1
2
-35
32
0
1
35
32
0
1
-21
32
0
1
5
32
0
2
-35
32
0
1
105
32
0
1
-105
32
0
1
35
32
0
2
0
32
0
1
210
32
0
1
-420
32
0
1
210
32
0
2
0
32
0
1
210
32
0
1
-1260
32
0
1
1050
32
0
2
0
32
0
1
0
32
0
1
-2520
32
0
1
4200
32
11
32
-19
32
-15
32
35
32
5
32
-21
32
-1
32
5
32
0
32
-19
32
-30
32
105
32
20
32
-105
32
-6
32
35
32
0
32
0
32
-30
32
210
32
60
32
-420
32
-30
32
210
32
0
32
0
32
0
32
210
32
120
32
-1260
32
-120
32
1050
32
0
32
0
32
0
32
0
32
120
32
-2520
32
-360
32
4200
32
3
32
-1
8
-7
32
5
16
5
32
-1
4
-1
32
1
16
0
32
-1
8
-14
32
15
16
20
32
-5
4
-6
32
7
16
0
32
0
8
-14
32
30
16
60
32
-20
4
-30
32
42
16
0
32
0
8
0
32
30
16
120
32
-60
4
-120
32
210
16
0
32
0
8
0
32
0
16
120
32
-120
4
-360
32
840
16
1
96
-1
96
-1
32
1
32
1
32
-1
32
-1
96
1
96
0
96
-1
96
-2
32
3
32
4
32
-5
32
-6
96
7
96
0
96
0
96
-2
32
6
32
12
32
-20
32
-30
96
42
96
0
96
0
96
0
32
6
32
24
32
-60
32
-120
96
210
96
0
96
0
96
0
32
0
32
24
32
-120
32
-360
96
840
96
1
2
35
32
0
1
-35
32
0
1
21
32
0
1
-5
32
0
2
35
32
0
1
-105
32
0
1
105
32
0
1
-35
32
0
2
0
32
0
1
-210
32
0
1
420
32
0
1
-210
32
0
2
0
32
0
1
-210
32
0
1
1260
32
0
1
-1050
32
0
2
0
32
0
1
0
32
0
1
2520
32
0
1
-4200
32
-11
32
-19
32
15
32
35
32
-5
32
-21
32
1
32
5
32
0
32
-19
32
30
32
105
32
-20
32
-105
32
6
32
35
32
0
32
0
32
30
32
210
32
-60
32
-420
32
30
32
210
32
0
32
0
32
0
32
210
32
-120
32
-1260
32
120
32
1050
32
0
32
0
32
0
32
0
32
-120
32
-2520
32
360
32
4200
32
3
32
1
8
-7
32
-5
16
5
32
1
4
-1
32
-1
16
0
32
1
8
-14
32
-15
16
20
32
5
4
-6
32
-7
16
0
32
0
8
-14
32
-30
16
60
32
20
4
-30
32
-42
16
0
32
0
8
0
32
-30
16
120
32
60
4
-120
32
-210
16
0
32
0
8
0
32
0
16
120
32
120
4
-360
32
-840
16
-1
96
-1
96
1
32
1
32
-1
32
-1
32
1
96
1
96
0
96
-1
96
2
32
3
32
-4
32
-5
32
6
96
7
96
0
96
0
96
2
32
6
32
-12
32
-20
32
30
96
42
96
0
96
0
96
0
32
6
32
-24
32
-60
32
120
96
210
96
0
96
0
96
0
32
0
32
-24
32
-120
32
360
96
840
96
