1
2
-969969
524288
0
1
1616615
262144
0
1
-8729721
524288
0
1
2078505
65536
0
1
-11316305
262144
0
1
5555277
131072
0
1
-7834365
262144
0
1
969969
65536
0
1
-2567565
524288
0
1
255255
262144
0
1
-46189
524288
215955
524288
-707825
524288
-230945
262144
1616615
262144
692835
524288
-8729721
524288
-138567
65536
2078505
65536
692835
262144
-11316305
262144
-323323
131072
5555277
131072
440895
262144
-7834365
262144
-53295
65536
969969
65536
138567
524288
-2567565
524288
-13585
262144
255255
262144
2431
524288
-46189
524288
84883
524288
-245935
524288
-165409
262144
692835
262144
692835
524288
-4018443
524288
-138567
65536
969969
65536
692835
262144
-5311735
262144
-323323
131072
2615977
131072
440895
262144
-3696735
262144
-53295
65536
458337
65536
138567
524288
-1214499
524288
-13585
262144
120835
262144
2431
524288
-21879
524288
15751
393216
-13421
131072
-28007
131072
263713
393216
36465
65536
-138567
65536
-31603
32768
138567
32768
80223
65536
-1154725
196608
-75361
65536
382109
65536
38675
49152
-33915
8192
-12495
32768
67507
32768
16269
131072
-89661
131072
-9581
393216
17875
131072
143
65536
-2431
196608
10889
1572864
-383
24576
-35401
786432
44923
393216
215093
1572864
-51051
131072
-17017
65536
26741
32768
89947
262144
-114257
98304
-128843
393216
76687
65536
177905
786432
-164815
196608
-7225
65536
13753
32768
18887
524288
-4587
32768
-1859
262144
11011
393216
1001
1572864
-1001
393216
459
524288
-4541
2621440
-1709
262144
10889
786432
34913
1572864
-397519
7864320
-3003
65536
7293
65536
16731
262144
-128843
786432
-123409
1966080
331279
1966080
34645
786432
-96271
786432
-4265
196608
20281
327680
3743
524288
-10901
524288
-1111
786432
3289
786432
1001
7864320
-1001
2621440
647
7864320
-1123
7864320
-177
262144
2881
2359296
3943
1572864
-37159
7864320
-16399
2949120
715
65536
2145
262144
-39325
2359296
-3289
393216
6929
393216
14209
2359296
-10271
786432
-593
196608
19759
2949120
2633
2621440
-1193
524288
-473
2359296
121
262144
143
7864320
-1001
23592960
47
8257536
-17
1966080
-37
737280
23
294912
235
1179648
-623
1966080
-173
368640
493
645120
143
196608
-715
589824
-143
184320
65
49152
1703
2949120
-593
589824
-17
57344
97
184320
593
5898240
-119
655360
-1
49152
11
294912
11
5898240
-143
41287680
23
82575360
-61
165150720
-107
41287680
41
11796480
179
16515072
-347
23592960
-277
10321920
761
20643840
257
5898240
-143
2359296
-143
2949120
403
5898240
221
5898240
-631
11796480
-41
2064384
593
20643840
571
82575360
-239
23592960
-59
41287680
5
2359296
11
82575360
-11
55050240
13
1486356480
-1
99090432
-1
11796480
73
743178240
61
165150720
-71
165150720
-59
61931520
23
20643840
19
11796480
-67
35389440
-11
5898240
13
5898240
53
35389440
-7
3932160
-17
20643840
61
61931520
7
23592960
-59
165150720
-47
743178240
19
247726080
1
165150720
-11
1486356480
1
7431782400
-1
7431782400
-1
743178240
1
743178240
1
165150720
-1
165150720
-1
61931520
1
61931520
1
35389440
-1
35389440
-1
29491200
1
29491200
1
35389440
-1
35389440
-1
61931520
1
61931520
1
165150720
-1
165150720
-1
743178240
1
743178240
1
7431782400
-1
7431782400
1
2
969969
524288
0
1
-1616615
262144
0
1
8729721
524288
0
1
-2078505
65536
0
1
11316305
262144
0
1
-5555277
131072
0
1
7834365
262144
0
1
-969969
65536
0
1
2567565
524288
0
1
-255255
262144
0
1
46189
524288
-215955
524288
-707825
524288
230945
262144
1616615
262144
-692835
524288
-8729721
524288
138567
65536
2078505
65536
-692835
262144
-11316305
262144
323323
131072
5555277
131072
-440895
262144
-7834365
262144
53295
65536
969969
65536
-138567
524288
-2567565
524288
13585
262144
255255
262144
-2431
524288
-46189
524288
84883
524288
245935
524288
-165409
262144
-692835
262144
692835
524288
4018443
524288
-138567
65536
-969969
65536
692835
262144
5311735
262144
-323323
131072
-2615977
131072
440895
262144
3696735
262144
-53295
65536
-458337
65536
138567
524288
1214499
524288
-13585
262144
-120835
262144
2431
524288
21879
524288
-15751
393216
-13421
131072
28007
131072
263713
393216
-36465
65536
-138567
65536
31603
32768
138567
32768
-80223
65536
-1154725
196608
75361
65536
382109
65536
-38675
49152
-33915
8192
12495
32768
67507
32768
-16269
131072
-89661
131072
9581
393216
17875
131072
-143
65536
-2431
196608
10889
1572864
383
24576
-35401
786432
-44923
393216
215093
1572864
51051
131072
-17017
65536
-26741
32768
89947
262144
114257
98304
-128843
393216
-76687
65536
177905
786432
164815
196608
-7225
65536
-13753
32768
18887
524288
4587
32768
-1859
262144
-11011
393216
1001
1572864
1001
393216
-459
524288
-4541
2621440
1709
262144
10889
786432
-34913
1572864
-397519
7864320
3003
65536
7293
65536
-16731
262144
-128843
786432
123409
1966080
331279
1966080
-34645
786432
-96271
786432
4265
196608
20281
327680
-3743
524288
-10901
524288
1111
786432
3289
786432
-1001
7864320
-1001
2621440
647
7864320
1123
7864320
-177
262144
-2881
2359296
3943
1572864
37159
7864320
-16399
2949120
-715
65536
2145
262144
39325
2359296
-3289
393216
-6929
393216
14209
2359296
10271
786432
-593
196608
-19759
2949120
2633
2621440
1193
524288
-473
2359296
-121
262144
143
7864320
1001
23592960
-47
8257536
-17
1966080
37
737280
23
294912
-235
1179648
-623
1966080
173
368640
493
645120
-143
196608
-715
589824
143
184320
65
49152
-1703
2949120
-593
589824
17
57344
97
184320
-593
5898240
-119
655360
1
49152
11
294912
-11
5898240
-143
41287680
23
82575360
61
165150720
-107
41287680
-41
11796480
179
16515072
347
23592960
-277
10321920
-761
20643840
257
5898240
143
2359296
-143
2949120
-403
5898240
221
5898240
631
11796480
-41
2064384
-593
20643840
571
82575360
239
23592960
-59
41287680
-5
2359296
11
82575360
11
55050240
-13
1486356480
-1
99090432
1
11796480
73
743178240
-61
165150720
-71
165150720
59
61931520
23
20643840
-19
11796480
-67
35389440
11
5898240
13
5898240
-53
35389440
-7
3932160
17
20643840
61
61931520
-7
23592960
-59
165150720
47
743178240
19
247726080
-1
165150720
-11
1486356480
1
7431782400
1
7431782400
-1
743178240
-1
743178240
1
165150720
1
165150720
-1
61931520
-1
61931520
1
35389440
1
35389440
-1
29491200
-1
29491200
1
35389440
1
35389440
-1
61931520
-1
61931520
1
165150720
1
165150720
-1
743178240
-1
743178240
1
7431782400
1
7431782400
