1
2
-315
256
0
1
105
64
0
1
-189
128
0
1
45
64
0
1
-35
256
93
256
-187
256
-35
64
105
64
35
128
-189
128
-7
64
45
64
5
256
-35
256
29
256
-47
256
-19
64
35
64
35
128
-77
128
-7
64
19
64
5
256
-15
256
7
384
-3
128
-1
16
1
12
5
64
-7
64
-1
24
1
16
1
128
-5
384
1
768
-1
768
-1
192
1
192
1
128
-1
128
-1
192
1
192
1
768
-1
768
1
2
315
256
0
1
-105
64
0
1
189
128
0
1
-45
64
0
1
35
256
-93
256
-187
256
35
64
105
64
-35
128
-189
128
7
64
45
64
-5
256
-35
256
29
256
47
256
-19
64
-35
64
35
128
77
128
-7
64
-19
64
5
256
15
256
-7
384
-3
128
1
16
1
12
-5
64
-7
64
1
24
1
16
-1
128
-5
384
1
768
1
768
-1
192
-1
192
1
128
1
128
-1
192
-1
192
1
768
1
768
