1
2
-693
512
0
1
1155
512
0
1
-693
256
0
1
495
256
0
1
-385
512
0
1
63
512
193
512
-437
512
-315
512
1155
512
105
256
-693
256
-63
256
495
256
45
512
-385
512
-7
512
63
512
65
512
-61
256
-187
512
105
128
105
256
-147
128
-63
256
27
32
45
512
-85
256
-7
512
7
128
37
1536
-19
512
-47
512
233
1536
35
256
-63
256
-77
768
51
256
19
512
-125
1536
-3
512
7
512
1
384
-5
1536
-3
256
23
1536
1
48
-7
256
-7
384
19
768
1
128
-17
1536
-1
768
1
512
1
7680
-1
7680
-1
1536
1
1536
1
768
-1
768
-1
768
1
768
1
1536
-1
1536
-1
7680
1
7680
1
2
693
512
0
1
-1155
512
0
1
693
256
0
1
-495
256
0
1
385
512
0
1
-63
512
-193
512
-437
512
315
512
1155
512
-105
256
-693
256
63
256
495
256
-45
512
-385
512
7
512
63
512
65
512
61
256
-187
512
-105
128
105
256
147
128
-63
256
-27
32
45
512
85
256
-7
512
-7
128
-37
1536
-19
512
47
512
233
1536
-35
256
-63
256
77
768
51
256
-19
512
-125
1536
3
512
7
512
1
384
5
1536
-3
256
-23
1536
1
48
7
256
-7
384
-19
768
1
128
17
1536
-1
768
-1
512
-1
7680
-1
7680
1
1536
1
1536
-1
768
-1
768
1
768
1
768
-1
1536
-1
1536
1
7680
1
7680
