1
2
-3003
2048
0
1
3003
1024
0
1
-9009
2048
0
1
2145
512
0
1
-5005
2048
0
1
819
1024
0
1
-231
2048
793
2048
-1979
2048
-693
1024
3003
1024
1155
2048
-9009
2048
-231
512
2145
512
495
2048
-5005
2048
-77
1024
819
1024
21
2048
-231
2048
281
2048
-593
2048
-437
1024
1155
1024
1155
2048
-3927
2048
-231
512
957
512
495
2048
-2255
2048
-77
1024
371
1024
21
2048
-105
2048
11
384
-13
256
-61
512
359
1536
105
512
-231
512
-49
256
121
256
27
256
-55
192
-17
512
49
512
7
1536
-7
512
23
6144
-17
3072
-19
1024
11
384
233
6144
-63
1024
-21
512
9
128
51
2048
-139
3072
-25
3072
1
64
7
6144
-7
3072
3
10240
-11
30720
-5
3072
31
15360
23
6144
-29
6144
-7
1536
3
512
19
6144
-25
6144
-17
15360
23
15360
1
6144
-7
30720
1
92160
-1
92160
-1
15360
1
15360
1
6144
-1
6144
-1
4608
1
4608
1
6144
-1
6144
-1
15360
1
15360
1
92160
-1
92160
1
2
3003
2048
0
1
-3003
1024
0
1
9009
2048
0
1
-2145
512
0
1
5005
2048
0
1
-819
1024
0
1
231
2048
-793
2048
-1979
2048
693
1024
3003
1024
-1155
2048
-9009
2048
231
512
2145
512
-495
2048
-5005
2048
77
1024
819
1024
-21
2048
-231
2048
281
2048
593
2048
-437
1024
-1155
1024
1155
2048
3927
2048
-231
512
-957
512
495
2048
2255
2048
-77
1024
-371
1024
21
2048
105
2048
-11
384
-13
256
61
512
359
1536
-105
512
-231
512
49
256
121
256
-27
256
-55
192
17
512
49
512
-7
1536
-7
512
23
6144
17
3072
-19
1024
-11
384
233
6144
63
1024
-21
512
-9
128
51
2048
139
3072
-25
3072
-1
64
7
6144
7
3072
-3
10240
-11
30720
5
3072
31
15360
-23
6144
-29
6144
7
1536
3
512
-19
6144
-25
6144
17
15360
23
15360
-1
6144
-7
30720
1
92160
1
92160
-1
15360
-1
15360
1
6144
1
6144
-1
4608
-1
4608
1
6144
1
6144
-1
15360
-1
15360
1
92160
1
92160
